6 100 1236.00
0 40.000000 50.000000
1 45.000000 68.000000
2 35.000000 69.000000
3 30.000000 52.000000
4 10.000000 35.000000
5 35.000000 32.000000
6 45.000000 68.000000 90.000000
7 45.000000 70.000000 90.000000
8 42.000000 66.000000 90.000000
9 42.000000 68.000000 90.000000
10 42.000000 65.000000 90.000000
11 40.000000 69.000000 90.000000
12 40.000000 66.000000 90.000000
13 38.000000 68.000000 90.000000
14 38.000000 70.000000 90.000000
15 35.000000 66.000000 90.000000
16 35.000000 69.000000 90.000000
17 25.000000 85.000000 90.000000
18 22.000000 75.000000 90.000000
19 22.000000 85.000000 90.000000
20 20.000000 80.000000 90.000000
21 20.000000 85.000000 90.000000
22 18.000000 75.000000 90.000000
23 15.000000 75.000000 90.000000
24 15.000000 80.000000 90.000000
25 30.000000 50.000000 90.000000
26 30.000000 52.000000 90.000000
27 28.000000 52.000000 90.000000
28 28.000000 55.000000 90.000000
29 25.000000 50.000000 90.000000
30 25.000000 52.000000 90.000000
31 25.000000 55.000000 90.000000
32 23.000000 52.000000 90.000000
33 23.000000 55.000000 90.000000
34 20.000000 50.000000 90.000000
35 20.000000 55.000000 90.000000
36 10.000000 35.000000 90.000000
37 10.000000 40.000000 90.000000
38 8.000000 40.000000 90.000000
39 8.000000 45.000000 90.000000
40 5.000000 35.000000 90.000000
41 5.000000 45.000000 90.000000
42 2.000000 40.000000 90.000000
43 0.000000 40.000000 90.000000
44 0.000000 45.000000 90.000000
45 35.000000 30.000000 90.000000
46 35.000000 32.000000 90.000000
47 33.000000 32.000000 90.000000
48 33.000000 35.000000 90.000000
49 32.000000 30.000000 90.000000
50 30.000000 30.000000 90.000000
51 30.000000 32.000000 90.000000
52 30.000000 35.000000 90.000000
53 28.000000 30.000000 90.000000
54 28.000000 35.000000 90.000000
55 26.000000 32.000000 90.000000
56 25.000000 30.000000 90.000000
57 25.000000 35.000000 90.000000
58 44.000000 5.000000 90.000000
59 42.000000 10.000000 90.000000
60 42.000000 15.000000 90.000000
61 40.000000 5.000000 90.000000
62 40.000000 15.000000 90.000000
63 38.000000 5.000000 90.000000
64 38.000000 15.000000 90.000000
65 35.000000 5.000000 90.000000
66 50.000000 30.000000 90.000000
67 50.000000 35.000000 90.000000
68 50.000000 40.000000 90.000000
69 48.000000 30.000000 90.000000
70 48.000000 40.000000 90.000000
71 47.000000 35.000000 90.000000
72 47.000000 40.000000 90.000000
73 45.000000 30.000000 90.000000
74 45.000000 35.000000 90.000000
75 95.000000 30.000000 90.000000
76 95.000000 35.000000 90.000000
77 53.000000 30.000000 90.000000
78 92.000000 30.000000 90.000000
79 53.000000 35.000000 90.000000
80 45.000000 65.000000 90.000000
81 90.000000 35.000000 90.000000
82 88.000000 30.000000 90.000000
83 88.000000 35.000000 90.000000
84 87.000000 30.000000 90.000000
85 85.000000 25.000000 90.000000
86 85.000000 35.000000 90.000000
87 75.000000 55.000000 90.000000
88 72.000000 55.000000 90.000000
89 70.000000 58.000000 90.000000
90 68.000000 60.000000 90.000000
91 66.000000 55.000000 90.000000
92 65.000000 55.000000 90.000000
93 65.000000 60.000000 90.000000
94 63.000000 58.000000 90.000000
95 60.000000 55.000000 90.000000
96 60.000000 60.000000 90.000000
97 67.000000 85.000000 90.000000
98 65.000000 85.000000 90.000000
99 65.000000 82.000000 90.000000
100 62.000000 80.000000 90.000000
101 60.000000 80.000000 90.000000
102 60.000000 85.000000 90.000000
103 58.000000 75.000000 90.000000
104 55.000000 80.000000 90.000000
105 55.000000 85.000000 90.000000
