6 48 1000.00
0 -41.769000 79.996000
1 -29.730000 64.136000
2 25.482000 6.287000
3 -37.756000 -33.325000
4 -16.779000 19.537000
5 -7.849000 32.074000
6 -29.730000 64.136000 2.000000
7 -30.664000 5.463000 7.000000
8 51.642000 5.469000 21.000000
9 -13.171000 69.336000 24.000000
10 -67.413000 68.323000 1.000000
11 48.907000 6.274000 17.000000
12 5.243000 22.260000 6.000000
13 -65.002000 77.234000 5.000000
14 -4.175000 -1.569000 7.000000
15 23.029000 11.639000 1.000000
16 25.482000 6.287000 4.000000
17 -42.615000 -26.392000 10.000000
18 -76.672000 99.341000 2.000000
19 -20.673000 57.892000 16.000000
20 -52.039000 6.567000 23.000000
21 -41.376000 50.824000 18.000000
22 -91.943000 27.588000 3.000000
23 -65.118000 30.212000 15.000000
24 18.597000 96.716000 13.000000
25 -40.942000 83.209000 10.000000
26 -37.756000 -33.325000 4.000000
27 23.767000 29.083000 23.000000
28 -43.030000 20.453000 20.000000
29 -35.297000 -24.896000 10.000000
30 -54.755000 14.368000 4.000000
31 -49.329000 33.374000 2.000000
32 57.404000 23.822000 23.000000
33 -22.754000 55.408000 6.000000
34 -56.622000 73.340000 8.000000
35 -38.562000 -3.705000 10.000000
36 -16.779000 19.537000 7.000000
37 -11.560000 11.615000 1.000000
38 -46.545000 97.974000 21.000000
39 16.229000 9.320000 6.000000
40 1.294000 7.349000 4.000000
41 -26.404000 29.529000 13.000000
42 4.352000 14.685000 9.000000
43 -50.665000 -23.126000 22.000000
44 -22.833000 -9.814000 22.000000
45 -71.100000 -18.616000 18.000000
46 -7.849000 32.074000 10.000000
47 11.877000 -24.933000 25.000000
48 -18.927000 -23.730000 23.000000
49 -11.920000 11.755000 4.000000
50 29.840000 11.633000 9.000000
51 12.268000 -55.811000 17.000000
52 -37.933000 -21.613000 10.000000
53 42.883000 -2.966000 17.000000
