6 96 1000.00
0 120.878000 99.144000
1 33.588000 30.750000
2 37.085000 -2.112000
3 43.219000 0.739000
4 42.175000 -22.284000
5 12.006000 -7.965000
6 33.588000 30.750000 12.000000
7 48.828000 65.314000 1.000000
8 86.176000 59.344000 1.000000
9 39.270000 -33.057000 15.000000
10 -23.370000 86.853000 10.000000
11 48.132000 95.593000 12.000000
12 -16.357000 93.311000 15.000000
13 -57.703000 -65.601000 16.000000
14 7.147000 32.684000 18.000000
15 42.950000 68.701000 9.000000
16 37.085000 -2.112000 5.000000
17 77.759000 55.817000 19.000000
18 -17.462000 -56.567000 11.000000
19 58.575000 59.888000 12.000000
20 57.776000 15.344000 13.000000
21 -22.327000 36.072000 8.000000
22 -7.080000 30.493000 14.000000
23 55.658000 60.425000 9.000000
24 -14.307000 11.456000 2.000000
25 -29.724000 24.268000 25.000000
26 43.219000 0.739000 6.000000
27 45.184000 35.474000 16.000000
28 64.484000 2.240000 18.000000
29 55.078000 72.241000 4.000000
30 16.925000 15.741000 17.000000
31 45.038000 -3.723000 4.000000
32 -76.782000 5.939000 22.000000
33 36.169000 0.256000 12.000000
34 29.218000 8.936000 13.000000
35 65.057000 5.225000 5.000000
36 42.175000 -22.284000 24.000000
37 25.574000 31.726000 12.000000
38 31.561000 37.262000 16.000000
39 66.498000 -54.169000 8.000000
40 46.576000 -17.938000 10.000000
41 65.063000 40.875000 15.000000
42 -2.716000 24.768000 21.000000
43 -40.002000 3.870000 5.000000
44 -73.505000 57.043000 9.000000
45 81.146000 -25.714000 5.000000
46 12.006000 -7.965000 9.000000
47 42.761000 38.092000 20.000000
48 3.857000 -23.181000 14.000000
49 -7.367000 24.390000 24.000000
50 35.944000 -11.835000 23.000000
51 52.075000 9.692000 12.000000
52 30.725000 30.701000 13.000000
53 41.223000 77.924000 19.000000
54 68.884000 -40.546000 21.000000
55 76.312000 86.670000 5.000000
56 63.934000 78.540000 9.000000
57 29.150000 -9.961000 23.000000
58 85.522000 39.954000 8.000000
59 31.775000 3.870000 5.000000
60 -20.544000 19.086000 8.000000
61 55.353000 43.817000 10.000000
62 35.406000 10.278000 9.000000
63 25.464000 -0.287000 21.000000
64 12.396000 0.244000 12.000000
65 18.359000 20.917000 8.000000
66 27.960000 -15.039000 4.000000
67 -3.192000 19.879000 14.000000
68 9.332000 -41.351000 19.000000
69 -20.581000 38.177000 23.000000
70 27.820000 28.729000 4.000000
71 59.027000 42.310000 9.000000
72 56.311000 58.734000 1.000000
73 -51.654000 -0.342000 21.000000
74 2.576000 32.721000 20.000000
75 15.131000 -3.046000 24.000000
76 66.595000 34.937000 22.000000
77 19.476000 20.142000 25.000000
78 -1.172000 20.648000 19.000000
79 -21.204000 13.660000 14.000000
80 98.846000 1.257000 11.000000
81 82.593000 72.003000 22.000000
82 30.017000 -30.896000 25.000000
83 33.228000 41.663000 5.000000
84 39.490000 -8.539000 10.000000
85 54.498000 70.813000 4.000000
86 3.058000 10.248000 4.000000
87 51.831000 -16.870000 6.000000
88 76.416000 11.346000 22.000000
89 5.243000 0.238000 17.000000
90 50.592000 34.247000 22.000000
91 -5.231000 -2.081000 3.000000
92 24.194000 25.836000 25.000000
93 33.630000 37.585000 22.000000
94 31.445000 -7.001000 23.000000
95 30.707000 -28.168000 16.000000
96 49.860000 1.038000 13.000000
97 -35.767000 14.142000 23.000000
98 -29.309000 4.889000 1.000000
99 19.049000 41.974000 11.000000
100 27.600000 13.934000 19.000000
101 52.832000 50.684000 21.000000
