2 40 1236.00
0 40.000000 50.000000
1 45.000000 68.000000
2 45.000000 68.000000 90.000000
3 45.000000 70.000000 90.000000
4 42.000000 66.000000 90.000000
5 42.000000 68.000000 90.000000
6 42.000000 65.000000 90.000000
7 40.000000 69.000000 90.000000
8 40.000000 66.000000 90.000000
9 38.000000 68.000000 90.000000
10 38.000000 70.000000 90.000000
11 35.000000 66.000000 90.000000
12 35.000000 69.000000 90.000000
13 25.000000 85.000000 90.000000
14 22.000000 75.000000 90.000000
15 22.000000 85.000000 90.000000
16 20.000000 80.000000 90.000000
17 20.000000 85.000000 90.000000
18 18.000000 75.000000 90.000000
19 15.000000 75.000000 90.000000
20 15.000000 80.000000 90.000000
21 30.000000 50.000000 90.000000
22 30.000000 52.000000 90.000000
23 28.000000 52.000000 90.000000
24 28.000000 55.000000 90.000000
25 25.000000 50.000000 90.000000
26 25.000000 52.000000 90.000000
27 25.000000 55.000000 90.000000
28 23.000000 52.000000 90.000000
29 23.000000 55.000000 90.000000
30 20.000000 50.000000 90.000000
31 20.000000 55.000000 90.000000
32 10.000000 35.000000 90.000000
33 10.000000 40.000000 90.000000
34 8.000000 40.000000 90.000000
35 8.000000 45.000000 90.000000
36 5.000000 35.000000 90.000000
37 5.000000 45.000000 90.000000
38 2.000000 40.000000 90.000000
39 0.000000 40.000000 90.000000
40 0.000000 45.000000 90.000000
41 35.000000 30.000000 90.000000
