2 40 240.00
0 40.000000 50.000000
1 25.000000 85.000000
2 25.000000 85.000000 10.000000
3 22.000000 75.000000 10.000000
4 22.000000 85.000000 10.000000
5 20.000000 80.000000 10.000000
6 20.000000 85.000000 10.000000
7 18.000000 75.000000 10.000000
8 15.000000 75.000000 10.000000
9 15.000000 80.000000 10.000000
10 10.000000 35.000000 10.000000
11 10.000000 40.000000 10.000000
12 8.000000 40.000000 10.000000
13 8.000000 45.000000 10.000000
14 5.000000 35.000000 10.000000
15 5.000000 45.000000 10.000000
16 2.000000 40.000000 10.000000
17 0.000000 40.000000 10.000000
18 0.000000 45.000000 10.000000
19 44.000000 5.000000 10.000000
20 42.000000 10.000000 10.000000
21 42.000000 15.000000 10.000000
22 40.000000 5.000000 10.000000
23 40.000000 15.000000 10.000000
24 38.000000 5.000000 10.000000
25 38.000000 15.000000 10.000000
26 35.000000 5.000000 10.000000
27 95.000000 30.000000 10.000000
28 95.000000 35.000000 10.000000
29 92.000000 30.000000 10.000000
30 90.000000 35.000000 10.000000
31 88.000000 30.000000 10.000000
32 88.000000 35.000000 10.000000
33 87.000000 30.000000 10.000000
34 85.000000 25.000000 10.000000
35 85.000000 35.000000 10.000000
36 67.000000 85.000000 10.000000
37 65.000000 85.000000 10.000000
38 65.000000 82.000000 10.000000
39 62.000000 80.000000 10.000000
40 60.000000 80.000000 10.000000
41 60.000000 85.000000 10.000000
