2 40 1000.000000
0 -10.442250 19.999000
1 -29.730000 64.136000
2 -29.730000 64.136000 2.000000
3 -30.664000 5.463000 7.000000
4 51.642000 5.469000 21.000000
5 -13.171000 69.336000 24.000000
6 -67.413000 68.323000 1.000000
7 48.907000 6.274000 17.000000
8 5.243000 22.260000 6.000000
9 -65.002000 77.234000 5.000000
10 -4.175000 -1.569000 7.000000
11 23.029000 11.639000 1.000000
12 25.482000 6.287000 4.000000
13 -42.615000 -26.392000 10.000000
14 -76.672000 99.341000 2.000000
15 -20.673000 57.892000 16.000000
16 -52.039000 6.567000 23.000000
17 -41.376000 50.824000 18.000000
18 -91.943000 27.588000 3.000000
19 -65.118000 30.212000 15.000000
20 18.597000 96.716000 13.000000
21 -40.942000 83.209000 10.000000
22 -37.756000 -33.325000 4.000000
23 23.767000 29.083000 23.000000
24 -43.030000 20.453000 20.000000
25 -35.297000 -24.896000 10.000000
26 -54.755000 14.368000 4.000000
27 -49.329000 33.374000 2.000000
28 57.404000 23.822000 23.000000
29 -22.754000 55.408000 6.000000
30 -56.622000 73.340000 8.000000
31 -38.562000 -3.705000 10.000000
32 -16.779000 19.537000 7.000000
33 -11.560000 11.615000 1.000000
34 -46.545000 97.974000 21.000000
35 16.229000 9.320000 6.000000
36 1.294000 7.349000 4.000000
37 -26.404000 29.529000 13.000000
38 4.352000 14.685000 9.000000
39 -50.665000 -23.126000 22.000000
40 -22.833000 -9.814000 22.000000
41 -71.100000 -18.616000 18.000000
