2 40 1000.000000
0 -12.284000 9.158250
1 -44.629000 -55.640000
2 -44.629000 -55.640000 6.000000
3 36.096000 64.935000 16.000000
4 -25.470000 44.580000 7.000000
5 -33.954000 -73.059000 20.000000
6 45.654000 35.730000 7.000000
7 14.954000 -36.719000 8.000000
8 -1.477000 47.205000 4.000000
9 2.155000 -40.912000 23.000000
10 22.992000 1.398000 4.000000
11 -28.857000 5.957000 5.000000
12 -48.120000 94.116000 15.000000
13 7.239000 17.322000 12.000000
14 4.614000 27.051000 12.000000
15 -13.971000 28.198000 18.000000
16 12.946000 -11.688000 19.000000
17 -36.670000 23.102000 17.000000
18 -4.224000 -49.310000 2.000000
19 1.093000 -7.135000 15.000000
20 -56.958000 27.905000 10.000000
21 -80.994000 -77.686000 3.000000
22 72.260000 59.027000 24.000000
23 -21.655000 1.636000 1.000000
24 -20.154000 -62.415000 22.000000
25 -48.157000 6.287000 22.000000
26 -5.078000 61.597000 17.000000
27 17.145000 -47.046000 7.000000
28 -16.064000 8.557000 11.000000
29 6.683000 -27.069000 4.000000
30 15.027000 -34.979000 15.000000
31 37.946000 73.914000 15.000000
32 -41.199000 -43.018000 9.000000
33 32.538000 11.786000 15.000000
34 -20.306000 -20.239000 1.000000
35 -35.480000 19.135000 13.000000
36 58.038000 56.659000 17.000000
37 -36.694000 -6.256000 17.000000
38 0.446000 -46.735000 25.000000
39 -19.690000 38.977000 5.000000
40 -47.339000 20.911000 25.000000
41 -79.236000 -57.678000 2.000000
