991.3618196500217
663.9762327677397
578.2295502276323
430.08529731209484
304.4667176955369
282.1472250271788
248.74537669550745
240.59996024792463
232.6306185249768
222.80968609406938
215.34164529687405
211.2639803303898
207.85843616223454
204.9893359358614
201.48278680308772
197.1331440352954
195.91982598250863
193.88768555201023
190.156859416901
184.3342520884088
180.2040743922591
176.92593547297605
175.0103002363076
172.18209104254768
168.93279861865935
166.06204500087182
162.08107932398866
160.0769827203339
158.01809275146536
157.0732194567363
155.513279307628
153.4499853939294
151.18712004216826
148.53074517207975
147.40312505079177
145.69930441309208
144.041671501912
142.4027679979096
141.41857748642133
140.0827994493692
138.23879796894894
136.0518297449989
134.90783269233773
133.2961630948547
131.6785110551286
129.73319241788738
127.89286552722486
125.64675645989625
124.47074377067156
123.40352673876365
121.89480106137937
120.1974129915968
118.65837060603955
117.33458286476917
115.67539344587453
114.75637567904867
113.50189079287492
111.67424435216616
109.24065153221852
107.88673221444245
106.11616523704988
103.62572796222744
101.62101200433285
99.7323950685831
97.78855525642301
95.95143767380583
93.5769277737412
92.06426308396838
90.00540881474919
88.47722259051152
86.62131926687009
84.6249363813355
82.74638734324647
81.18338432660047
79.66414649324929
78.34487573574626
77.0403722140713
75.64016670956782
74.42491406804037
72.90371064507283
71.51204488437506
70.16432150743319
68.61182820401393
67.69235133017926
66.43857934916531
65.14435422522332
63.94215804713704
62.709019917516834
61.40633197891153
60.38854607100438
59.37764671845761
58.09250995994064
57.308219071833584
56.25879347958958
55.64249010134672
54.85365284947156
53.883178320443044
53.124610102545866
52.30534938415991
51.46620488935673
50.417318998402564
49.68680800118329
48.85607702647189
47.952626096727094
47.582225743501674
47.06834763082634
46.32144912246037
45.29156464975094
44.44618227625104
43.89382038680292
43.100954262272566
42.24009626976647
41.31697480638984
40.66148263587879
40.02902846485301
39.43933554194193
38.78002372819146
38.0777460365139
37.33221554674014
36.58847571405695
36.11319053259567
35.45187534491467
34.927557396534866
34.26288959376596
33.723863604122904
33.194839239058524
32.84510274346704
32.357038030819695
31.957264305482784
31.44129063073226
31.126246039026952
30.71009976795836
30.28352626697788
29.835387191857826
29.507691031761357
29.20346697656986
28.898354098466314
28.563274550733404
28.144920356568626
27.752553876629385
27.468760421022438
27.18689149630527
26.917062204806136
26.70556193841217
26.46805294050459
26.2064564472859
26.020385372697458
25.804221658148027
25.594464818541912
25.370433057269892
25.078524085907986
24.95006089546869
24.77734058985481
24.51827014030119
24.32923511345138
24.25270138924359
24.139243383527795
23.974236242734115
23.78271199891984
23.53582368826924
23.326447649491907
23.15838077767354
23.048710892797818
22.93885730033309
22.819637728983245
22.72721153397238
22.632748172847577
22.54340139808189
22.445983789708976
22.36904621765453
22.31845588179509
22.251160883878427
22.178312608662253
22.127172622693074
22.05499530132324
22.002068711980417
21.93919017943353
21.87290101124681
21.79277519743516
21.724192379489484
21.672851092347763
21.61377840244115
21.549424284977018
21.486012960947978
21.4475156106666
21.39703509342758
21.332646912428782
21.25132913632497
21.157891840817136
21.046520932292193
20.7030969444058
20.64854803166047
20.57634262981282
20.501527097790095
20.411329083640982
20.370182674207108
20.3072750604378
20.22969054023916
20.129421850036024
20.03559594528737
19.941914552406416
19.873716840690093
19.792533038987074
19.693085910652457
19.586170815831643
19.504674252733277
19.430793405277342
19.344018298464015
19.24844450765736
19.15337359182455
19.063895087056096
19.01523804572335
18.944076676501364
18.856824369734987
18.763184273809003
18.658624207959477
18.61705025968923
18.549284664403615
18.456584949151733
18.30907293347883
18.062682622078704
17.959111538840652
17.938557295928174
17.90255050243458
17.843236598223243
17.757052511573868
17.661486941705668
17.54520947317551
17.428958620727748
17.32735775962375
17.23108507352786
17.17892767451181
17.114315104780943
17.032307509982495
16.952899242157482
16.8837787185221
16.816089186863437
16.74595032979546
16.67538489700929
16.615513363797273
16.55027166573307
16.47175478590043
16.396965477460654
16.31716105032364
16.26718573248933
16.206559257239167
16.13379312220217
16.060908948905777
15.999998327520995
15.927632578241788
15.863679496617594
15.80230470872444
15.730769884619821
15.652049177974593
15.593213208803542
15.545104424469853
15.494146808312802
15.431067184987015
15.385606134156424
15.343227969566751
15.299378720626883
15.259393573521475
15.209637573781773
15.173751818949626
15.131512634156554
15.098005720890281
15.059331275903938
15.01333113170977
14.970171694107332
14.918427405553588
14.859450588729704
14.828935063396669
14.790619896814281
14.749997859532836
14.71808259896667
14.677008411049826
14.631584449793728
14.593187531045766
14.55519502348406
14.51363076785168
14.474775660123331
14.438477982081807
14.396177537293523
14.353043865391248
14.310941546994842
14.282824152643192
14.24067869057115
14.196610040403602
14.137024074578948
14.041935679204737
13.884841044354344
13.859849328042054
13.83609877522073
13.804211912702527
13.757972866846682
13.703398882353351
13.68298412190248
13.648838266692975
13.600549715401641
13.54848448318501
13.5049201921343
13.472459263504104
13.440563980034769
13.400244874072275
13.354469501041503
13.304299868762515
13.260535758708354
13.224278506737416
13.176763382137981
13.139536205625207
13.10891577959358
13.073832385484964
13.033455066879334
13.002233106244212
12.963768071430314
12.921943759461433
12.877703466943728
12.836013001498927
12.805080086386361
12.77387089852625
12.743156143117787
12.709719171901726
12.691671855912674
12.667736655567893
12.642475855055057
12.611059302094244
12.576509107791395
12.543544011388299
12.509060015422676
12.489699912355373
12.467388653649497
12.445728241050794
12.421301663205517
12.395838555316251
12.36823530022297
12.346602337971845
12.320763202692211
12.291051742747932
12.261083658738531
12.23869613980025
12.219933398671818
12.196805087970352
12.169982930310924
12.135519898712618
12.098835036613545
12.069552021905967
12.054948185427268
12.033578931842637
12.010552456350931
11.991047176772252
11.974574788798385
11.956969141364215
11.935527942255636
11.91887259395601
11.903015887434627
11.883883079908593
11.861578105209663
11.84269522480741
11.819311171132487
11.80032475990882
11.781742403150641
11.763582048669988
11.743694791011592
11.725733587323514
11.70546031058954
11.683727869527745
11.660219158206223
11.639206284591193
11.619589184906001
11.594961398110582
11.574587063789602
11.54924687089774
11.521912869614853
11.494058061000487
11.4623962025944
11.429493002199049
11.4075831322743
11.385159649840443
11.36015061271315
11.338334247502068
11.316412166216967
11.291961491322786
11.271905734871776
11.249229533693372
11.229285985442635
11.204105774252362
11.182015587669465
11.16837072643741
11.15199717471168
11.135748264418176
11.118330299659338
11.10306332107716
11.08458430364696
11.070119687173047
11.054406073013322
11.03866401447461
11.017679696094149
10.99639291038255
10.983924651123353
10.969326845059882
10.950261280722
10.945946302644337
10.93870826200917
10.928173893919746
10.914492620805436
10.897333443610666
10.877256408584095
10.858626114905462
10.840983594745975
10.821891604792919
10.801026935742229
10.781401038133842
10.766240873581584
10.748915695331343
10.732364009492871
10.716371786993179
10.697633777357282
10.681455224663173
10.662812526182535
10.648547436813438
10.637540672151447
10.624387033487599
10.609540530222356
10.595352889559098
10.58148563757955
10.56663026394523
10.547267665341925
10.53361233767163
10.521500017457445
10.509780394809326
10.497430723811574
10.483517645018251
10.46873469387737
10.454051941186815
10.441202790025194
10.428749132114547
10.416694402641802
10.40787677511345
10.396207774479155
10.385709601912
10.374729608193478
10.361607661806552
10.346720139244145
10.333109394997365
10.31933742764928
10.303575420594813
10.290007223433673
10.276999423850587
10.258659758140489
10.242690372694145
10.225047529892983
10.208839077737634
10.190997403838264
10.181194949056898
10.165697514254818
10.14670148827014
10.122283039938473
10.109744918391511
10.092019647976231
10.067952901794452
10.04150121719431
10.014236350613857
9.98839603182617
9.96335172074991
9.938864918393454
9.90792931678564
9.870304712540008
9.839633923863644
9.811248290432928
9.785270682324505
9.758730093168722
9.730864488490838
9.693248146831536
9.650884542088185
9.606578752118457
9.561971731419964
9.50740895443723
9.463012391319038
9.417917863725858
9.376866420482195
9.332927721282982
9.280381623408644
9.227053655108026
9.179703588903388
9.133167853464837
9.092988874377527
9.050594565724865
9.010462907836265
8.963374792864007
8.914095481165987
8.8608455185711
8.798368113730849
8.729261568657632
8.674148865522094
8.626432220230988
8.562906170037547
8.48183585720366
8.412220533322921
8.334629023360694
8.237405849759726
8.16506729880251
8.08643443722805
8.01443468170029
7.936689624081233
7.852215137379279
7.775756095996458
7.738761468839025
7.688802545779076
7.615426565329218
7.536968965217963
7.495037803727589
7.449911896357177
7.3922533452580215
7.328919035186315
7.255245517128053
7.1625307908436575
7.106529632660437
7.068667162047609
7.00929056406639
6.950371337417819
6.890363199846213
6.808953611044629
6.728773719720719
6.651309235763749
6.584708399321304
6.512985866523677
6.451430787898494
6.3800694384720025
6.331770032412033
6.266663227424003
6.20381817451616
6.140016720791208
6.067452328048356
6.015680751536368
5.983866881160979
5.942870272392134
5.896921328833285
5.858441312929414
5.829988948298812
5.796973613633181
5.7692982909850565
5.731468449774372
5.6869313217576565
5.636538351059883
5.60746620365526
5.5738673921393325
5.537850193658657
5.501841582294043
5.466676208135129
5.435545370377868
5.402681934417858
5.3695105978443225
5.335600447167145
5.305311940808837
5.276495323284088
5.252611723034489
5.229387602848366
5.206885807811307
5.188578304090068
5.172943118336735
5.155459426219738
5.131845735128524
5.111689218357922
5.090114229756286
5.075645660925539
5.056348166004122
5.036156790770924
5.01698489892213
5.004639520240804
4.988378331487079
4.971205703436564
4.957300338488993
4.943202446939427
4.925787716871216
4.910227580233242
4.892804286477002
4.875063052079503
4.858062926270925
4.844234035424422
4.82917278394725
4.812047578215054
4.800187877893501
4.786363609497062
4.7730455475011055
4.7588928834932025
4.7520250860732505
4.7415592014645345
4.727575685864298
4.7125450809589635
4.702644019922505
4.692673906747471
4.687966765899279
4.68144302793837
4.673140113239426
4.667360756912588
4.658770570028127
4.649978668313727
4.640645858272965
4.632351953143761
4.624258444696772
4.618287907657312
4.612262461946319
4.606624397289812
4.600615740546166
4.594836202779046
4.588729078855357
4.58283623066041
4.578609331129114
4.574038909113941
4.568572094058568
4.563661859867013
4.556948576154528
4.39093000398993
4.389129980861769
4.387853726792683
4.385591594903935
4.381722327985453
4.3761398959324325
4.368961520510601
4.3592834147470745
4.347633498253392
4.334340592205157
4.320951752748207
4.304105310375793
4.287530622073722
4.281048350095716
4.271185023108043
4.255690717653453
4.23587590533449
4.221669441204433
4.204382914967438
4.193120365404032
4.178825919435253
4.163255149253737
4.14361882267127
4.127458781213901
4.119284033669031
4.108048182002505
4.094168412781274
4.081489444180523
4.066526535727085
4.054854729336391
4.042267704450321
4.031983172083942
4.025118255953942
4.01789500660791
4.011526583469515
4.005774871408735
3.9997962493198487
3.9956875097224818
3.9910037426780955
3.987472739021865
3.984410034689831
3.9811102060066417
3.978770671471909
3.9764381464484666
3.974134568771502
3.971381729925385
3.969778575230179
3.967863327217721
3.9663147414097906
3.964580201668656
3.9625205763201805
3.9609576933461494
3.9597967529250964
3.9583584908728424
3.95679091333131
3.9549648358594465
3.953719936801808
3.952288773674205
3.9510112315630677
3.9497677080045275
3.9483744299921617
3.9468250097859765
3.9454005126422587
3.9439389752744276
3.9424765837875144
3.941297936163143
3.940142150811907
3.9392126339872195
3.9382454619751153
3.9371951218368313
3.935964555985813
3.9346689265049295
3.9336513500629025
3.93285754135464
3.9319338818883027
3.9313140334080803
3.930410112955656
3.929498343750083
3.928602071661283
3.9276714706568545
3.926952308823615
3.926070530770935
3.9253041620929134
3.9245178504423777
3.923986895980369
3.9233354181976
3.922798410387802
3.9220815630023074
3.9214607000971835
3.920902108366046
3.920247983010736
3.9196328247189385
3.9189719158274037
3.918215566814215
3.9175978254423294
3.916986926252954
3.9163198320788997
3.915528746454075
3.9148841569962283
3.9144329107984217
3.9139728855512517
3.913411233236637
3.9128032868574456
3.9122680589903736
3.9115665414216503
3.9110514458524523
3.910363409563679
3.9098220354185336
3.909313217173426
3.9088578393841322
3.9083984190270398
3.907900214363597
3.9076435873142197
3.9072865015005784
3.9069182150312534
3.9065816856543
3.9061791254277414
3.905834155295296
3.905363255961726
3.9049310091121474
3.9044741884477707
3.904054203730506
3.9035994541713324
3.9032379697349597
3.902910597646543
3.9025109140464416
3.901969561042776
3.9014259626462753
3.900819099949295
3.9005050471651366
3.9002028334300025
3.899847349023136
3.8994377363064863
3.899022644142595
3.898527027353917
3.898250073553834
3.8979175739915757
3.897475079899021
3.897211688846066
3.896859113147494
3.896438064241966
3.896208879332136
3.895875285278601
3.8954812036104287
3.895082171996565
3.894639847579587
3.894323009435979
3.8939057085711397
3.8935805983150016
3.89314863366351
3.8927525780471064
3.8922743681687137
3.8919468668915744
3.89156730227702
3.891184510778162
3.8908261656193215
3.890513016359189
3.8901327699664217
3.8898148193753137
3.889492284760429
3.889079219253363
3.888677583807416
3.8883224492443507
3.887956709924453
3.887593972723981
3.8872326271379536
3.886904145992975
3.8864999662637048
3.8861288483241108
3.8858575310092047
3.8855359706819783
3.885179672505525
3.8847982239416394
3.8843370999907987
3.883819831527381
3.8833796491409385
3.882889406964339
3.8823543467219146
3.8818880267030096
3.8813900690940857
3.88095881216916
3.880548544631095
3.880046055106054
3.8794721216392816
3.878931882579332
3.8785836811361745
3.8782032563573945
3.8778143744175133
3.8774431105974356
3.877056824155381
3.876774401977629
3.876440180594026
3.8760544113145485
3.8757258116286537
3.8753302335610673
3.8749481379793353
3.8745222714230523
3.874157170839638
3.873800020978366
3.873391350878441
3.87289302459659
3.8725293961962377
3.8720541775651736
3.8717064854369125
3.8712901950182714
3.870867195913714
3.8704409233115076
3.8699697204727754
3.869640766414251
3.869301493156514
3.8689629280462747
3.868585262502617
3.86822766329039
3.867768379033654
3.8673151079783663
3.8667943954219464
3.866480098849385
3.866053251410632
3.8655925622503613
3.865062520243601
3.8645786341356323
3.864056638916799
3.863515287559937
3.8628616482956595
3.862424902881526
3.8619595896119074
3.8615901640850434
3.861162540404771
3.860637442107455
3.860074410558915
3.8595724425595748
3.858934184057309
3.8586132237823394
3.8582481779466526
3.857762023552671
3.8572293615563336
3.8566935375537104
3.8564527073369006
3.8560759525768433
3.8556169220819543
3.855304151155055
3.85494579144026
3.854607262690129
3.8542891488116524
3.8539935043192393
3.8537152108597867
3.8534486195604845
3.8532412382536982
3.852962962142287
3.852647519196215
3.852454051008654
3.8521685142794397
3.851785115072123
3.851305787132846
3.8509952058441677
3.8506454964632253
3.8502403186596155
3.849834146457114
3.8496152146082823
3.8493745983679157
3.849027349031501
3.848584117516279
3.848341599344397
3.847986033721616
3.8475503618563
3.847102586920948
3.8468325508159986
3.846495664585947
3.8462170476587327
3.845918137832281
3.8456059088581727
3.845313269033098
3.845033656784939
3.84476034136094
3.8445940168704835
3.8443596182466253
3.844073587048096
3.8437876282542756
3.8434488633502704
3.843115873088089
3.842823838093323
3.842476467067406
3.842143927020839
3.8418018798296325
3.8415930548255686
3.841267956218589
3.840792984722966
3.840202883911713
3.8396451213236227
3.8390314535089063
3.838715054637445
3.838327268125685
3.837837024774383
3.8374989680882554
3.8370971653103063
3.836739397521662
3.836474659800764
3.836123497868983
3.8358244354726048
3.835457805239053
3.8351004407686147
3.834818646319964
3.8345049984190056
3.8340894200714035
3.8337345763747503
3.8333436953080464
3.8329092985949753
3.8326567405858514
3.83231220229281
3.832024765995835
3.831673460727198
3.831251830847374
3.830846054172197
3.830451191947338
3.830057695829371
3.8296429621788928
3.8291592000840575
3.8288488378882795
3.828418562860953
3.8278684857471887
3.827451509649298
3.8271608211232753
3.8268201827357036
3.826530848154353
3.8261540296242242
3.8257742192538475
3.8254402372728005
3.8251000231783365
3.8246650502946533
3.824324055673549
3.823894644843268
3.823432119347678
3.823119574861223
3.8227366767792583
3.8222898164444254
3.821922414577438
3.8215890937641417
3.821198834896255
3.8208252072748157
3.82056680527426
3.8202717254440595
3.8199374296065653
3.819613624186349
3.8192489337515454
3.8188400342326085
3.818464554339395
3.8181045951023997
3.817695151808289
3.8172866384981545
3.8168377213098323
3.816477945801809
3.816073923673625
3.815680546280217
3.8152791193117106
3.8148107444753867
3.8145509507868898
3.8141995294115443
3.813748676808795
3.813326869067226
3.8130054247645226
3.812702098172206
3.81239350348301
3.8121003244943834
3.8117339382359803
3.8114022173286193
3.8109950887666213
3.810604959282527
3.8101536144946486
3.809661404696363
3.8092582500901515
3.8087745618010245
3.808314137049414
3.8078067237204323
3.807298209975854
3.8067957546786726
3.8063644168914643
3.8059544675184442
3.8054623101159732
3.8049907611942135
3.8045273765416074
3.804063204014515
3.803635104502863
3.8030833475825325
3.8028933981323583
3.802593807573418
3.8021613850641485
3.8016350067746085
3.801083949809893
3.8006504254337035
3.800156526944093
3.799788580241659
3.7992883353750373
3.798665293881353
3.7981257531047286
3.7974911588069284
3.796980539462755
3.796608710759606
3.796188081127153
3.795767832235554
3.795314877038038
3.7948034036929577
3.7942596174536587
3.7938506760072195
3.793402718832878
3.7928636731633603
3.7923919364141896
3.7918902620256763
3.791328849679976
3.7907608607329877
3.7903113516720746
3.789747494502973
3.7890341783909185
3.788289308044048
3.7878612451009315
3.7873610706288896
3.786948471239982
3.786627038686687
3.7862207362809226
3.7857880396275325
3.7854072214410235
3.7850197790004456
3.784555417608651
3.7840272037219327
3.7833756734169848
3.7830417541773733
3.782634452754798
3.7821169076945895
3.781613879510476
3.781123881669623
3.780707785909633
3.780245224128591
3.7797556432784605
3.7792634576140087
3.778644962911038
3.7781538851167396
3.777550378370708
3.7770564245648135
3.7765199213029508
3.775945305902395
3.7756142387847564
3.775200506557256
3.774811107386779
3.7743943707827396
3.7740109418218717
3.7735511384135667
3.7730290338808468
3.772684627428629
3.7722624527382083
3.77185479707342
3.771342321373979
3.7708862154926073
3.770378482093369
3.7698963176774636
3.7692960451445368
3.7686140770723737
3.7678515692709844
3.7673531920691117
3.766837545234171
3.7662615968703563
3.7655071801269435
3.7649153398005177
3.7642921260948885
3.7636678808650457
3.76322969065492
3.7627000614990305
3.7621521014594976
3.7616280840688727
3.7611341887447662
3.7605530553267186
3.7600849322747076
3.759598809635307
3.7590798029610704
3.7586720664428035
3.758197854887068
3.7577149303221837
3.7571950591589935
3.756691004607558
3.7561003809827387
3.7554643693748897
3.7546845197184284
3.7539802058315956
3.753330058013934
3.7525984114829196
3.752253378021205
3.7518022218403595
3.7512490716435867
3.750740312709879
3.7502977336497474
3.7498375003401456
3.7494312425026255
3.7489549552615062
3.7484038109926896
3.7478226360098783
3.747397007995684
3.7468834413547065
3.7463265981443565
3.7456904718664124
3.7450205088902635
3.744408668525554
3.7437978710945448
3.7432923307169053
3.742731630192722
3.742035545055031
3.7413331061810533
3.740608276317727
3.74017022275858
3.739617864351507
3.7389267679990548
3.738418874113724
3.7378252660183233
3.7372344757921057
3.7366828222826616
3.736203922205587
3.7356613240718604
3.7351114598454114
3.7346285811227453
3.7340403123162
3.733455741764799
3.7330618197780643
3.732580480689019
3.7321461822768063
3.7317658045845548
3.7313661872066186
3.7309044764966033
3.7305402392471843
3.7301551004556863
3.729796130289012
3.7293946287294917
3.7289734560065226
3.728485965952343
3.7280610732181425
3.7275874397629645
3.7270657801071403
3.726446338771275
3.725885247444699
3.725528258444308
3.7250765852171455
3.7245869092209896
3.724268313860849
3.723853725278146
3.7234198544449937
3.722909393303065
3.7223866109987465
3.7220293284736314
3.721561625751908
3.7209291058954417
3.7202212900626623
3.7194366197754762
3.7189413686302535
3.7183477783888432
3.7177076590266105
3.716997142355149
3.716430604154113
3.716013094303982
3.715553163910053
3.715133242441566
3.7146620836192463
3.714216291474026
3.713728523281432
3.71329169655943
3.712731149059971
3.7121707748055592
3.7115112392319465
3.710848750875742
3.7103697143607564
3.7097928400362696
3.709156129742296
3.708715145403358
3.708126044188817
3.7077544108976834
3.707257736507586
3.7067479222223767
3.706309667340418
3.7058014065176335
3.705346164457808
3.7049262494141733
3.704421401052063
3.703899014985983
3.7034556468885165
3.703032824076562
3.7025117572851896
3.7019586194600724
3.701431928128017
3.7009152434658654
3.7003357667742884
3.699795151938378
3.6992297684041353
3.698754642450032
3.6981944457687845
3.6976023568637473
3.6970342625572536
3.6964025053419043
3.695825100370736
3.695287053528155
3.6947350594327264
3.694188031005127
3.6936694059446644
3.6932160729992773
3.69270548570157
3.6922563608735146
3.691743691178746
3.6913391746711026
3.6907863726151975
3.6901156963644506
3.6894203546617153
3.6887809426981515
3.6883649415390893
3.6878151164061808
3.687319284085709
3.686962489195512
3.6864660017926396
3.685996747970283
3.6854842885969354
3.6849371915029625
3.684373938399626
3.683763773047186
3.6830817806859875
3.6823183669886284
3.6817271945234724
3.6812063122884213
3.6806137349457924
3.680219701662574
3.6797249563843177
3.679285052822174
3.678725487307692
3.678337996301041
3.677850583185343
3.677349207529769
3.67684595577238
3.6763453525879703
3.675874215954941
3.6755018928868246
3.675040191417019
3.674499285659091
3.674058410382539
3.6735214635276554
3.6729209888661853
3.6723431444067427
3.6716961205159406
3.67103308222921
3.6701523067335393
3.6693728129764196
3.668750573425152
3.6681042188833253
3.6672595823167504
3.666444169087413
3.6659193893082302
3.6652938140484634
3.66462360349952
3.6639822621314844
3.663456274077326
3.6631543433974425
3.6627448273221033
3.662174621780014
3.6615636727258294
3.6609834529124208
3.6605230015167542
3.6599558131951593
3.659395866332083
3.65889880096269
3.6583223072434023
3.6579170551409286
3.6574436322570625
3.6568876921552538
3.656482034464232
3.655997253852888
3.6555161759108437
3.654927067393359
3.6544446703417024
3.653945886489935
3.653470475045164
3.6530251743557467
3.6525743622189997
3.6521508560538276
3.651755037765228
3.6513148708873664
3.6507900006932994
3.6504183107144623
3.6501932778725394
3.6498982483161955
3.6494769630642967
3.6490893780754945
3.648683092040481
3.648316848804594
3.647970813875517
3.647569562722176
3.647119533888837
3.6466613804353107
3.646157565174697
3.645682706658259
3.645415756232068
3.645065085420558
3.644683685667514
3.644300647173421
3.6439481062605337
3.6435435395236997
3.6431668205576546
3.6427543872700623
3.6423071847934216
3.6417655940433837
3.6413329644016423
3.640932333510639
3.6406938926132413
3.6403792062955427
3.6399535042600224
3.6395342305567233
3.6389748343546593
3.638506520375378
3.6380562862102113
3.6375669177478
3.637003209830569
3.636501927928836
3.6361425913664376
3.6357566578653104
3.6353296124269665
3.634875205221635
3.634509724463742
3.6340982561900947
3.633634515331959
3.6331199168559647
3.632706965356353
3.632309815355066
3.6318728159817697
3.631514480918206
3.6311472789098795
3.630850203723553
3.6305868155875345
3.6303289432154484
3.6299877331504256
3.6296297346646407
3.6292632675645793
3.6288554809802096
3.6284522396850885
3.6280157459442384
3.627557905058702
3.6271575571483705
3.626675677125867
3.6263016082986512
3.625822180132582
3.625376123911857
3.624970656274486
3.6245382490152136
3.6241871650708912
3.6237633536407796
3.6233268446315847
3.6228119786551183
3.622253495255423
3.621708034179444
3.621286902986452
3.6208008872565722
3.6203928310072655
3.6199414624634327
3.6194896723533496
3.6191681268964597
3.6187233147384914
3.6182448028179666
3.617797104488938
3.617277814640115
3.616771992980955
3.616362239039108
3.6158070742443167
3.6151558414161538
3.6146106666251647
3.614054577840951
3.6136577750737295
3.6131302666302245
3.61246936601042
3.611802194304928
3.6112142407741437
3.610728171667782
3.6102468689819815
3.609704284913905
3.609134055117285
3.6086601211094687
3.6081898855091303
3.6077476099225025
3.6073713727824908
3.6068755134975916
3.60637713827189
3.60584152763533
3.6054556007274976
3.6049350725382503
3.604284897017984
3.6036520063224
3.6030008730637353
3.602813540781631
3.6025181621773767
3.6020531183017725
3.601363991658943
3.6006485077801273
3.6000869974500227
3.5995795095585787
3.5989913513662706
3.598390403682622
3.597794499956546
3.5973187068881343
3.5968325829157792
3.596265432204809
3.5956570852318883
3.5951757976843597
3.594725435110542
3.594221443963185
3.593809905017323
3.593399983667771
3.5929348968863524
3.5924984192502265
3.5921857493109197
3.5917460831864605
3.5912040646495136
3.5906435877986724
3.590137402710041
3.589627026561995
3.5890569116523654
3.5885312681287487
3.588000691955675
3.587670401548486
3.5872681158912774
3.586854434003206
3.586404393668216
3.5859636142183486
3.5855991677589794
3.585135044036921
3.5847556105068126
3.5843329213637736
3.583963811302144
3.5835664050170033
3.5832138143932455
3.582708823752282
3.5821936590889836
3.581715782718279
3.581253082262031
3.580809390951587
3.580283819806622
3.5795904927461653
3.57874805215824
3.578051097577469
3.5776093970455967
3.577060272835636
3.5764436445790206
3.5759171929880957
3.57554280050845
3.575098256321601
3.57456699194217
3.57398744167885
3.573623322103214
3.573171176171453
3.5728258156057606
3.5724176909896586
3.5720238494281507
3.5716504140065233
3.5713088157071895
3.5709214826542985
3.5705473392285945
3.5701276948120597
3.569866546772327
3.56951976296002
3.569099141821887
3.568711448603278
3.568335437969605
3.567903262245254
3.567446455465394
3.5669336294434233
3.5663560513739485
3.5659813996643988
3.565570547728792
3.5651146782938614
3.5646576504298837
3.564257702302048
3.563851975290783
3.5634694708278936
3.56304625250573
3.562617701670816
3.562202880481439
3.5617915866542083
3.561394754307706
3.560928471287454
3.560502855557465
3.560113708330862
3.5598257747112068
3.5594650986779293
3.5590045304501876
3.5585531174945126
3.558122861362752
3.5576387813976673
3.557229872108076
3.556712597722913
3.5562057944063494
3.555727098577942
