1168.8306863039916
1030.799762976761
480.28558427891187
437.53867699990474
357.94163068817136
243.1112877056849
235.28908171169502
226.9685179826679
219.63268061579032
216.82011567836167
213.3205848954378
209.89774476731503
206.4936472645115
203.2397588781954
199.57271436035902
196.2879467554577
192.52402249434687
187.6739060721269
184.31766378329667
180.12465182973523
176.3845773982939
172.4997808618441
170.18608072252437
168.35137629241947
165.53237626438778
164.03511470123846
162.5942890537139
160.7003990475641
158.43472451496496
156.8790574689105
155.36024257887163
153.87066755535756
151.79485795921977
149.0284543211727
147.60449902683627
145.90469775278282
144.66341320182502
143.46862170525802
142.5046315443505
140.99160252092958
139.54974977339353
137.49388899799527
135.27753081058006
134.51026216695732
133.2301715054382
131.64848878169738
129.40387758407812
127.61684992200955
125.9276312353326
124.22287249409804
122.07583714037685
120.25866005200295
118.62927864075891
117.10989547707817
115.32234126192034
113.43926288364386
111.53181817176936
111.23751924375566
110.6757495053431
109.61008306373635
107.65585550021149
104.20983690588332
102.21788788153683
100.66442940668729
99.00797772762574
97.02724659317197
94.65042725606617
93.41230136096502
91.67012828263856
89.92492683545724
87.95209651378516
85.68180821682702
83.89695436428227
82.09427172218916
80.28859607679385
78.17839970799446
76.8627667153333
75.04879572014511
73.14588535058552
71.52576958441603
70.05813868874449
68.91487043882842
67.24919058959783
65.41561914873752
64.53421312258
63.33196658688142
61.732108512062695
60.151156588334146
58.630642238581586
57.28860784756746
55.94786816698996
54.39049643856903
53.71329693036452
52.81630560978091
51.635507945224575
50.63853159111851
49.58896895632789
48.50166817796217
47.531298846380054
46.847342348920314
46.09300418388933
45.41220839089695
44.6913467543596
44.03882670929352
43.4266489934142
42.862691920158454
42.46860297936345
41.905866309898386
41.53636396451064
41.06827433669488
40.543192083490084
40.023837880923374
39.44488524370325
38.97131441786185
38.38065421921904
37.95931966224598
37.56403639603454
37.139440886893
36.72151704211525
36.30482244901953
35.82987369344761
35.59348945585914
35.25853892911046
34.91367122544916
34.62411548427146
34.24825382987935
34.09647286784721
33.86650131298715
33.57278436153527
33.35770210587136
33.05248709009823
32.56844646673484
32.32307438909092
32.18362507228428
32.02492045426361
31.845185278090714
31.673658948387462
31.457129239620425
31.184136854404652
31.01698802241555
30.81691431060567
30.575384999364218
30.41911764444228
30.279334682479778
30.15604868805806
29.98652084011644
29.81481499033812
29.66735361773484
29.492180373347633
29.28792261380059
29.163633664339788
29.06382781272017
28.919412777818845
28.82166542972183
28.69401613669683
28.549326647407824
28.3942025562831
28.21767602878748
28.08685134945526
27.9530412954596
27.841686726480276
27.73510095572275
27.623467974483525
27.501398115885127
27.397026738572507
27.29574157057644
27.174668599779533
27.128386135648213
27.055951660653633
26.946635244916997
26.830005938116855
26.705768704013707
26.558383940354034
26.434749279556502
26.28876365275588
26.166978779148128
26.04580905655232
25.92623367897764
25.825166294075917
25.735616128435623
25.615009380963347
25.494427408186215
25.34314649277527
25.196745781306664
25.012043349944033
24.730134683886213
24.61345591838168
24.511071282185043
24.376908951589307
24.233251843928187
24.030177923078867
23.657989820501626
23.566047065687084
23.438040698216
23.280048532601704
23.116353052060408
23.025396044401162
22.914378650445506
22.803615924864012
22.70236142631797
22.608950908925905
22.51441267561644
22.422056446585454
22.315777936331898
22.26554316363451
22.19103395256982
22.105398988654677
22.04006243611638
21.94866494329399
21.85849973880632
21.768909847476316
21.687346418699605
21.60320060012708
21.480777731940183
21.405735075241843
21.357655160681325
21.287985674762407
21.2250932995057
21.14106282597065
21.068135204282775
20.997886882618154
20.924654972353213
20.876285809691378
20.811108053635998
20.746596363557053
20.709838758216904
20.658363599457925
20.59596119462963
20.518760408942445
20.382286276881878
20.336517204029903
20.276669206255107
20.255042901221557
20.22223771919878
20.18075674124455
20.13932552684526
20.080533078882713
20.026075963389502
19.96127171448584
19.892971301664744
19.862255867434012
19.82180844326892
19.77461845843922
19.720294282774766
19.677173382394383
19.62928842314532
19.599578815057825
19.55450485846566
19.496988045038933
19.449976872711233
19.40438764878388
19.362193377519255
19.32815465012657
19.28914799071628
19.249630941553583
19.198146535281673
19.157059390304866
19.132907566188564
19.0992824850931
19.04986647006175
18.99165236962037
18.942912868186376
18.885279911470985
18.82704462959647
18.7932422742204
18.757240072368706
18.71439120212635
18.66269430836408
18.62810889642757
18.5847299478717
18.550089454805025
18.51727009032544
18.47667104730148
18.43581450069847
18.387454749597417
18.33961081244105
18.302404586153287
18.25891274711954
18.213618484584334
18.165397933296163
18.12721543134755
18.082731720827134
18.03819837371945
17.996359701199925
17.953616148599018
17.916875765378695
17.876791183930166
17.825933708552782
17.75074735468418
17.50886414651987
17.486976267226524
17.46037579136594
17.430431883297558
17.394159878276973
17.347737842531842
17.29746061875307
17.254945622199497
17.21071535529658
17.160513474677444
17.10863135041384
17.07524030626404
17.032614495642612
16.98714920039698
16.946359328847816
16.908293758170558
16.870111201310742
16.828236405121793
16.786088168421557
16.756248338632314
16.734865260120852
16.702507880937812
16.666260809115258
16.636996120333272
16.600832169202288
16.562037716384097
16.52571567330918
16.48691482457547
16.466118191828393
16.443068321636062
16.415591584061467
16.39469725834398
16.36567255102123
16.335445207012736
16.30783531886282
16.278253172728643
16.244085361960092
16.20300619315428
16.15539540737373
16.121922187692675
16.104961986314468
16.07760839197536
16.037815701304602
16.00865220862099
15.99122283069682
15.96768979157309
15.935118495494068
15.900033124884581
15.867489780605997
15.837232041584194
15.805657686358803
15.78222051320834
15.75458391501071
15.723891937612681
15.693353405914147
15.669851840262368
15.647943720022568
15.617919790455616
15.587427781199821
15.550866812122013
15.521467966365805
15.495050640614132
15.464856345196097
15.437555574260774
15.406556862589438
15.36678643926797
15.347239019386329
15.323089089789994
15.297466521530314
15.270339961094802
15.241743516762593
15.213109989551757
15.186976431639106
15.163448173531478
15.139117061848669
15.115455561742717
15.099098491728835
15.080858449819445
15.06400258835993
15.043489756591194
15.022276113381817
14.998495854747064
14.975678172914375
14.95899853318545
14.938521896779573
14.913567772594806
14.896193395393563
14.876995159372559
14.857029667357228
14.84266017932963
14.821571618444352
14.800514937128476
14.777825629937798
14.754560120787598
14.739658313135994
14.71844681375557
14.698775665701577
14.677542140128601
14.659472964578402
14.644962635716869
14.62182929777974
14.590064355458894
14.564321222062983
14.532888809789853
14.50664023600406
14.49166480532526
14.4734509435132
14.45224320838582
14.425041459571961
14.402371675558799
14.382305970279665
14.360972222448673
14.339975525818948
14.31499974281523
14.305429589479012
14.29016542085558
14.271475872151619
14.254219989676638
14.23789846642628
14.220475290559175
14.202873836359078
14.184456721454364
14.164308757925852
14.146581828407857
14.133360315677095
14.119664385055874
14.1077557970967
14.093620090552427
14.074179904099854
14.058698960430094
14.041765983274031
14.027267736349227
14.007518393467004
13.989830133935719
13.971651870079842
13.95474496897091
13.940968889294684
13.927529264284583
13.911901766053607
13.89288115459697
13.88276006884708
13.869838831493261
13.854505373386765
13.841410760343994
13.825395239052577
13.81200319141119
13.800460794516738
13.785796359094698
13.770129381823283
13.753625568163637
13.738680915075978
13.72597965336249
13.712476579664568
13.697336272106178
13.682016756814743
13.667411147423092
13.654830679558621
13.643394034776222
13.629586886001348
13.613638829814398
13.595638452272805
13.582920052654618
13.568869842565562
13.554464112534701
13.540378132034
13.526167044953343
13.515061176097788
13.501569014599536
13.484978903574305
13.467839552282994
13.447989899770938
13.431618175306141
13.410484445041725
13.381285176731764
13.317708961302053
13.297067742840202
13.28882199850804
13.276410565807883
13.261898935754171
13.245988456476073
13.229297269874648
13.214975778409883
13.19847495690481
13.181124646835846
13.172478437066584
13.159116138547024
13.146560608242376
13.131660917914132
13.116318115025567
13.102950151619023
13.086881459968286
13.067101889238522
13.049067065845595
13.026784288202844
13.005719105211721
12.995096917637653
12.981218124021499
12.968996311389336
12.9563058766604
12.943108952128606
12.930210089439747
12.919390933355771
12.906907247958177
12.897483352390488
12.886607214965395
12.877694927137306
12.868602242309954
12.85747270633151
12.8475441169147
12.837793829547099
12.827323499863319
12.816388521140713
12.806218748889645
12.795358187986288
12.784587491753658
12.774267513551475
12.766561606166176
12.761555361976992
12.754460466938578
12.746780209135615
12.737016003779129
12.728889700150848
12.719573049359502
12.711078692295983
12.70120631625148
12.694339289975183
12.68632920189528
12.678281223903161
12.668441628473307
12.656721747881871
12.64658802616773
12.63673624563207
12.627347772415868
12.617350198059167
12.608499984241051
12.598021024562595
12.587257188442269
12.57834521457951
12.5688587887626
12.557907268627906
12.546616655438516
12.5354784256842
12.524483527052574
12.51736778082996
12.509612616884024
12.49944190574384
12.490037567625807
12.478712573861117
12.466889813566928
12.458264752560574
12.449579769449368
12.439998756938735
12.428807054656914
12.4178712151143
12.407080093467936
12.396748935976076
12.389573813772696
12.380765095716983
12.370142767004948
12.362969871897446
12.35342147388863
12.34347752099324
12.332117268167737
12.323206476276422
12.315135221105017
12.3058928792025
12.299118902751648
12.289787580265461
12.280715631234358
12.272554009162544
12.261408577769402
12.251460883315886
12.243312039452828
12.234480024390017
12.225039320086097
12.214032139060075
12.205493498416015
12.197016563894971
12.1894282497019
12.181732354229203
12.174364207232976
12.165853534466635
12.15642627884739
12.145222670574043
12.13480090401416
12.122940475072248
12.113636041495196
12.102881522765436
12.09067652715845
12.081507780554674
12.071827953355093
12.065339076601381
12.057414791704279
12.051341524113086
12.044535995431547
12.03526608951666
12.025366710550411
12.016227968667678
12.005558534650875
12.000107437094467
11.991869801392495
11.983583149488956
11.974881763132585
11.966486075969023
11.95764272684694
11.948177991415324
11.940560590546081
11.933464748048934
11.926355672147345
11.919024396145936
11.910709171155588
11.903750314073493
11.894221108205851
11.886300941668175
11.880530775072872
11.872755598450398
11.864107494679685
11.856137687854362
11.847916285479121
11.83965529816236
11.830958691519692
11.822797271580814
11.815589562729606
11.808778722379472
11.801445808492657
11.792445360715265
11.783430033966823
11.775085939903912
11.766467365274183
11.758655682345006
11.749980770597226
11.745220190959325
11.738887451955783
11.731281359063253
11.725005033307692
11.717715649991307
11.709991440127371
11.703199392041094
11.697773965141222
11.691199185516071
11.685174091675105
11.678232001993802
11.671311457564993
11.663896663622756
11.656364473651966
11.650248047607844
11.643165156747534
11.636647113719857
11.62985457974016
11.622277695730816
11.614732784177495
11.609082671722028
11.601966852823487
11.59462304963299
11.588614329605061
11.581128412281814
11.575153722606553
11.568434933653506
11.561419621203907
11.55428285277745
11.542365599173612
11.34602377854682
11.344201433155474
11.341010419641574
11.337299058882618
11.330908776469101
11.32019427116829
11.304534056598156
11.280594377648306
11.25233122192702
11.224515776346305
11.196870322129222
11.181488063012482
11.164081869184395
11.143970786611826
11.12741271625215
11.11179708896612
11.095631931688676
11.075839366765475
11.06007735269744
11.041266013403355
11.027442510379117
11.013693859147974
11.00141010534876
10.991784041359459
10.981835525017615
10.97435027670367
10.96541212264479
10.962648639762953
10.958325779577574
10.952092626725065
10.945361161618806
10.939761757100015
10.933064771024107
10.926964766721344
10.920781378469009
10.91641762663345
10.911196842625072
10.905871243408203
10.90037287692871
10.893452246491712
10.886722919254863
10.882873283004287
10.878124888701887
10.873450364627917
10.867867391602573
10.862589817977883
10.85814873375444
10.852775177715952
10.847754656723186
10.842418470402858
10.838131177384476
10.833407447566188
10.829248704123989
10.823707667863133
10.818440983439542
10.812171737454504
10.807254668051257
10.801369106421358
10.795684614536437
10.790549466480575
10.784780184013604
10.779762838695028
10.775086171538508
10.770359531470671
10.765850024904434
10.761981557739936
10.757681913258427
10.753467221540493
10.749613741214954
10.745118619532999
10.742082094022633
10.738307573442782
10.735554646313844
10.73207885859622
10.727988542174645
10.72448194760101
10.72088646411584
10.717021599177034
10.71460713245909
10.71150655863624
10.707736155235487
10.703649741309913
10.69962162243333
10.695289378255335
10.691551626896235
10.688392429093774
10.68458528277873
10.681714484837446
10.678770392912451
10.67560290030205
10.671801256607585
10.667901883329153
10.66426337568656
10.659935049976754
10.655842726946869
10.651426950339285
10.648616708959985
10.645049243114173
10.641340387970088
10.636806402155319
10.632957400942068
10.628999213809347
10.625626362672296
10.621523141345879
10.618531004053848
10.615003370855906
10.610779860764797
10.606833553251462
10.603397028016
10.60045868964439
10.597244259236815
10.593725456047416
10.589806249227728
10.585678681753858
10.581337174045151
10.578450712470786
10.574757508969117
10.571383880914407
10.567912988281165
10.564074234601295
10.56005103015918
10.556154644315454
10.552594518011338
10.548560576096742
10.544501410029508
10.541723353093966
10.538578977102215
10.534906025153944
10.530688192069736
10.527356780117536
10.524030079075448
10.520080592721268
10.517049249754223
10.51359131606158
10.510298165986299
10.507022120201265
10.503440866261988
10.500419766498966
10.496798100966814
10.492845224174982
10.48882148356644
10.48508661931141
10.482232642811528
10.478892861224017
10.474758597357733
10.47056094701528
10.465959331932584
10.461618645400543
10.4575594661325
10.453444344095834
10.44944566032813
10.445561183617635
10.44169540045643
10.438149715324435
10.433558432263407
10.429115112294397
10.424188806095247
10.418655639560262
10.412119646120985
10.407648687447347
10.402802449792173
10.398701133278482
10.394723481583615
10.390565977686904
10.385699086484045
10.381307452807839
10.377385261263797
10.373142945040154
10.368985948838423
10.36560444532168
10.363009629264143
10.359871705059737
10.356546827686195
10.353472320253067
10.350499375651655
10.347326985291268
10.34331877040707
10.340722154785553
10.337531170580254
10.33414883248345
10.330753151550931
10.327314576455091
10.324100626367589
10.321779278262682
10.319418438507054
10.317356975221228
10.314610454080512
10.311730965394041
10.309369045339327
10.306390480055697
10.302783151529413
10.299570158182425
10.296239562830936
10.293508752824636
10.290491700237142
10.287257071821923
10.28375334675971
10.280498926072063
10.27915849301855
10.276932964225498
10.273634628568942
10.269589784102621
10.265009619304163
10.2616552543321
10.25807629395283
10.254214699965608
10.250300202590678
10.246288808249492
10.243325309491505
10.23979943105505
10.236935948886828
10.233466047513527
10.230176981542584
10.226578211748624
10.223411326973512
10.219948141405155
10.217241507511408
10.214851317370218
10.212055407843916
10.208811479261541
10.206012325088903
10.2028721070943
10.199428989616738
10.196043026063691
10.192138754608436
10.188912745720938
10.18595545288618
10.183009985191397
10.18002068863397
10.17667019389756
10.172752411877703
10.168747932335693
10.16553837286692
10.161957987033798
10.158636198828102
10.155475127381989
10.151872636661171
10.148587992032867
10.145104543944587
10.141277955146336
10.138583445188349
10.135070110096638
10.131749564932564
10.128109390925953
10.124042905995022
10.120157651677115
10.116514999490676
10.112439434529168
10.109095050911966
10.104902294511149
10.102092541301044
10.098250314408284
10.093926329514183
10.089487422220776
10.085236044326763
10.08056869390023
10.076199895780178
10.070934353152285
10.064385154106903
10.056638994140794
10.052362718438136
10.04753072053563
10.042102547268252
10.036851557805843
10.031017773983223
10.027391737256819
10.02394264025017
10.019896267591246
10.015739626677705
10.012414391850351
10.00867897244412
10.00455556755097
10.000279050650294
9.99597779137621
9.99264417289758
9.98940800212717
9.986135823590809
9.982835259146933
9.979694389843228
9.976512052082796
9.973928710194915
9.971356595895523
9.96923334922661
9.96673518396561
9.963752172693578
9.960838836586834
9.9578375841886
9.955398576393147
9.953474742399678
9.950907944203198
9.948260792176244
9.945758639343511
9.942979440244967
9.940128870342848
9.938091919878964
9.935971005099878
9.933638574517477
9.931023949645974
9.928188419000268
9.925378104286134
9.922361148644564
9.919701652158393
9.917124582873925
9.913773857831517
9.909971715366094
9.906363788519476
9.90310431442991
9.899826392277292
9.897790773333483
9.894804692788849
9.891857154608989
9.888522606014854
9.885456441915162
9.882686618231837
9.879440090066787
9.876169821578836
9.873638704868371
9.871266751764988
9.869232761554171
9.86663331451106
9.864000033467821
9.860995054739643
9.857539331224237
9.855021336883024
9.852422097706587
9.851105438346444
9.84914934000782
9.846534860771357
9.843612370297837
9.840348516463035
9.837547439359572
9.834659094429572
9.832567740292248
9.830222597107737
9.827527385833346
9.824138910035163
9.820987988212739
9.817654895386974
9.815256084248281
9.812385232925841
9.809457199218922
9.80668471561975
9.803789084830157
9.801182215624774
9.79897774405353
9.796636803820316
9.794442244555718
9.792227990033528
9.789910110947766
9.787570767191214
9.78510986686037
9.782626322668543
9.779953497758447
9.777335935505471
9.77485763885424
9.772687793682932
9.770281503292232
9.76779394532279
9.76565084326712
9.763077525484261
9.76078200054654
9.758692012514539
9.7563329063505
9.754201869666456
9.752512991255333
9.750847516229037
9.748855656375763
9.746597658282528
9.744203143097511
9.742351717937304
9.740232071993386
9.738091734967803
9.736013758199903
9.734452650234694
9.732550978982545
9.73048268584667
9.728710136692289
9.726772441948826
9.724774362457985
9.723080276024037
9.721355110464096
9.71970888399973
9.71822492501306
9.716702865602185
9.715213581544136
9.713825139673864
9.712070428676427
9.710411076521677
9.708645327391604
9.707054325427658
9.705386907338795
9.703719774176182
9.70218967304648
9.700449008210498
9.698773499291907
9.697435957901003
9.695975376093665
9.694580010734136
9.692978758064886
9.691767548710613
9.690586441815162
9.689330522948662
9.688066109334367
9.686701751545124
9.685464256104483
9.683940087373191
9.68227640742709
9.68103632296924
9.679762560122118
9.678382939837505
9.676893554439406
9.675736341299732
9.674380003372193
9.673010644689672
9.671528097284806
9.670017319010196
9.668553292555947
9.667755007845294
9.666569224645851
9.664996274470237
9.663310278208616
9.661956345703643
9.660661725709438
9.65925042035216
9.657798232076004
9.65668286984554
9.6553712005654
9.653733886326364
9.6519316551983
9.649941714129447
9.647760503238
9.645878192712317
9.644148344181136
9.642124585599035
9.640162078151953
9.638079048737286
9.636316878240454
9.634296988696768
9.63132765331451
9.607812893505299
9.606517999947222
9.604777567641928
9.602004352231457
9.598160591909302
9.592971260818937
9.587206842345973
9.58076232257077
9.575905777262435
9.572062111641864
9.568266900088508
9.565191206798502
9.562301225293073
9.559178085280422
9.557300353707952
9.5550143272994
9.55332466675597
9.551352400713
9.549471952552725
9.54803517852151
9.546443789466338
9.545004404331053
9.543424452815097
9.541862623751136
9.540323189879853
9.538630166633197
9.536926501623363
9.53546243241112
9.533943695915855
9.532676303128417
9.531281746600264
9.529776887132972
9.528450251488023
9.527005982211719
9.526008880325138
9.524742080680479
9.523418943297113
9.521917594069418
9.520581866922871
9.519380736863525
9.518309002453957
9.517249574010647
9.51595851718014
9.514637233017842
9.513182321778977
9.511960550393022
9.510685334330827
9.509400982281381
9.508203336208215
9.506927834083161
9.50588257302541
9.504740633169064
9.503303715954218
9.502046763128687
9.500706923850867
9.499241333222574
9.497421257513682
9.495451140749996
9.494170519400443
9.492658629686073
9.490912763555187
9.489469759197274
9.487851063216514
9.486642420127083
9.485307783214195
9.48406786600363
9.482782041371648
9.48151003374216
9.480233143204433
9.479019673894221
9.477699241858417
9.476369034231451
9.475108524822055
9.473707127000242
9.47233739199866
9.47092032428352
9.4694799412538
9.46804959731849
9.466440660378655
9.46491162614386
9.463325318201846
9.461424817945595
9.459300800591699
9.457632294229938
9.455926714008548
9.454207434199848
9.452914334020349
9.451486647628755
9.45000526692936
9.449176116020219
9.447988381517545
9.446611686424628
9.445291500414118
9.444113040674196
9.442862856885132
9.44201877374179
9.440961088356268
9.439677008836899
9.438526487199725
9.4372782085144
9.436088781810405
9.435276063870262
9.434235954091776
9.43298732459164
9.431651494066273
9.4301246725435
9.428873414577644
9.427242224577578
9.425072889750982
9.422473194781421
9.42148832879913
9.419704640251814
9.385745401515589
9.385675508310765
9.383224276714005
9.379610629295605
9.375570456851218
9.372029622580293
9.36872791783377
9.366280923340023
9.364135627231303
9.36244164624394
9.361047128309863
9.359602651530249
9.358350584777872
9.357182157297599
9.356050790331459
9.354900627502929
9.353665813099575
9.3524222011429
9.351199475313493
9.350032425085331
9.348887203261224
9.347908578800684
9.346795829739925
9.345584796422514
9.344585726773566
9.343499566585681
9.342155953436269
9.34065187728645
9.339453418322119
9.338186266958445
9.336903473694965
9.335649512043629
9.33440726127626
9.333075699959391
9.331877375319856
9.33053486334649
9.329217731122927
9.328043670230254
9.326771042623658
9.325452118499172
9.324109606955215
9.322873487898162
9.321704905878013
9.32039099766485
9.319247328534166
9.317881045340192
9.316706889058114
9.315462026031017
9.314378847648337
9.313289187442248
9.312111683470583
9.311335751440843
9.310246872764262
9.308856054377173
9.307395378298056
9.306485088760486
9.305446259769198
9.304365051750679
9.303102224917495
9.301976954852444
9.301026158856704
9.299924429988744
9.298693149219138
9.297229245400548
9.29560495082335
9.293969812882874
9.292376380401004
9.29062332558542
9.288646929732327
9.286519814743311
9.2848021662226
9.282788748893744
9.280880574528798
9.279140945586533
9.277737156215615
9.276374561320132
9.274695783629607
9.273210044521877
9.271548252206744
9.269972748394752
9.268426702129592
9.267065633641499
9.265558417139166
9.264300294514118
9.263008787419595
9.261666748859673
9.26016152401137
9.258908633774206
9.257742181311604
9.256627291731752
9.255693167975156
9.25458720359174
9.253609413515612
9.252969708962024
9.252169119052894
9.25140706903471
9.250573850263793
9.24975507535892
9.248875393447381
9.248261013341715
9.247541932864841
9.246684224398043
9.245813243913112
9.245325778288667
9.244673375937701
9.243902842196405
9.24328769681308
9.242599020488893
9.241923942984114
9.241290767870652
9.240858712907684
9.240323863765852
9.239679485385725
9.238993492693627
9.238378762217032
9.237797746919352
9.237195112042592
9.236679957807915
9.236084024321576
9.23540921001031
9.234713625789428
9.234049773619684
9.233305298658175
9.23278620128486
9.232162458729453
9.231397774119316
9.230640045163621
9.230031923325459
9.229373912856321
9.228711780160173
9.227974602056609
9.227130072564812
9.226355130377847
9.225571189454419
9.224964716373512
9.224261268259458
9.223684424973342
9.222944349933769
9.222061774568864
9.22109511271552
9.220319104965057
9.219453463535087
9.21858814328625
9.217945003306106
9.217236615025737
9.216502586111169
9.215730520813102
9.215051332054543
9.214368718820952
9.213666533046709
9.213196430723219
9.212607344488628
9.21191748335686
9.21128424162196
9.210696240736674
9.210098979677367
9.209442955145558
9.208729064436792
9.208167508754727
9.207560292804867
9.206877186775806
9.206127031466742
9.205627340765638
9.204992148137762
9.20428105336553
9.20363179317254
9.202860604141964
9.202245748251368
9.201591007209286
9.20083888861597
9.20025520187464
9.199581583333185
9.19877549057776
9.197983911194378
9.197209208423292
9.196416836087765
9.195597519390915
9.19487136389492
9.194145314877819
9.193539788653727
9.192911635635163
9.19222689209585
9.191492770719595
9.190880091638572
9.190252936091916
9.189612171979611
9.188906171857436
9.188219352198645
9.187583905370385
9.18699077097914
9.1863155098543
9.185546678855205
9.18465168479824
9.183769368952603
9.182729091648044
9.181815672303244
9.18076406936202
9.179625581106613
9.178830225941578
9.177853502129768
9.176932539168078
9.176303226495326
9.175652768722838
9.174940269804136
9.174365039806421
9.173668858134903
9.17291366164082
9.172300188234226
9.171679706145813
9.171001322811447
9.170412296974273
9.169811344390787
9.169272967990793
9.168778439427943
9.168193665700962
9.167726223411325
9.167268634125865
9.166716483865919
9.16622696349655
9.16573224049375
9.165292603045348
9.164873208172397
9.164416264521854
9.16391137080313
9.16342049190995
9.16296342103521
9.162546557498658
9.16209365023569
9.161702284755844
9.161298070588673
9.160856471746087
9.16040569403508
9.160074265448554
9.159652655492343
9.159231339254523
9.158813951632588
9.15839667681924
9.157974765359128
9.157575789110538
9.157138885825457
9.156711172078287
9.156237856046301
9.155822955233202
9.155399400534534
9.15504249800659
9.154691508867252
9.154254454754824
9.153863403456917
9.153429544378335
9.153016678947111
9.152602084563766
9.152169068225781
9.151681758312252
9.151173534642442
9.15076657223554
9.150336656279837
9.149897465794169
9.149433078408702
9.148975558586475
9.148540915604098
9.147994693742891
9.147499521374879
9.146987299429389
9.146571786351764
9.146116674379293
9.145678200857994
9.145188237066765
9.144730640006095
9.144305848257954
9.143854304960499
9.143426898368778
9.142997472287625
9.142607881421199
9.142207008338506
9.141817299356212
9.141418151919394
9.141021629871414
9.140763312385133
9.140418749974309
9.140091779201992
9.13972815307552
9.13934486036132
9.139014850232659
9.138712167646116
9.138336269279034
9.13791771290198
9.137591655247675
9.137304525845202
9.136994021341668
9.136706375282031
9.13639062638367
9.136072840747927
9.135741777710507
9.135365532631596
9.135005217715637
9.134646386247704
9.134343021726847
9.133960318069047
9.133669899159688
