822.8427171559576
697.4713021319669
594.6187169994878
407.06863528479903
343.6454378160138
290.51655655604685
266.9595527989627
241.38534798844046
233.94290262035463
227.79695281406958
220.738486982592
217.0290795935618
212.79736765862114
210.30161698022982
207.56480272218616
206.08774598084486
203.6697799108312
200.39421230642643
195.5496236016559
190.3454125106409
187.38105078385627
182.77059905087773
177.7610232133333
175.16605146508886
171.79716538151177
168.38413422759092
165.3349165515999
162.92578284075006
161.94700428666027
160.54016542885742
158.27241939923582
156.81315178020827
154.66861172094374
152.60873355376185
150.42241103748876
149.18532236735268
147.38487072256447
145.34380458575737
143.08852901950837
140.5889308712717
139.26918552200274
137.9173312269548
136.4605013037243
134.73227150180966
133.18990142120677
131.08418709577768
129.80878543806733
128.06669924509663
126.95591663461802
125.56658011596105
123.87610558960526
121.83209527479765
119.78760110530074
118.16729690495305
116.76640296002007
115.65851261660885
114.62601259281418
113.22517485959479
111.50485023653775
110.5657145064078
109.27091863801931
107.59693543484073
105.13599601393338
103.64368755562302
102.47583766927455
101.18632366664177
99.68953228756745
98.09765753260632
96.22996693679892
94.25654366356167
92.63387809510422
91.02847076429694
89.50483392914745
88.07692859673196
86.6054214095916
85.00460999169063
83.80167417016014
82.52349365400107
81.27401247440842
79.7782131235995
78.08646390114072
76.94159302745555
75.35751993404764
74.1337876699429
72.76336540434961
71.5363602183079
70.30688061516327
68.8462493062214
67.5262877471632
66.4995284245177
65.335806332441
64.36805915060776
63.10771347958359
61.97866040583658
60.88600169033054
59.85291187001309
59.00841817186192
57.90839348676296
57.11128079716393
56.23831654157317
55.29801923307572
54.45454805327782
53.63948951643658
52.85010911591134
52.44401425573483
52.11815300813441
51.62603939218186
51.176842943084445
50.6596026367673
49.89126987602356
49.245421977593395
48.54823216939917
47.844847279631466
46.95778574337281
46.11761077534581
45.53146293075925
45.21209715974864
44.737394511592605
44.14522970755625
43.49518468845369
43.05180342734049
42.58873005958898
42.06241166585157
41.53318606811543
40.928015829977035
40.36091402348257
39.78307078192432
39.581619694967046
39.270995738567464
38.85258969930324
38.35257291621665
37.74017235418205
37.16128367188044
36.770036087306764
36.33995171251077
35.89310133147234
35.36668961195393
34.88991355888132
34.3602084332538
33.99137653085744
33.56148035528347
33.16629818428354
32.8471244528737
32.487338976130815
32.0378911191531
31.611651853680534
31.237670660937678
30.82053213771318
30.439911489744663
30.16484711916594
29.87385719008352
29.52394792497836
29.15069136573893
28.69284728708318
28.3966429538931
28.081245811048138
27.715853068923266
27.428555019580184
27.082941999646366
26.753494941400504
26.51611478709227
26.215739311520547
25.927167642792973
25.698041679430936
25.442050407675467
25.13568975600637
24.868370126011794
24.61160804825908
24.34190431875394
24.06013762191262
23.839017636535743
23.57587940902559
23.318660222038368
23.06189482932752
22.81755177628414
22.60595539036808
22.375908719975364
22.104589439806723
21.813267400642328
21.539672876600044
21.34146244005023
21.152972427080023
20.922302663642235
20.65378750067564
20.41090957454599
20.209191419017344
19.996539014025508
19.757802557942373
19.505172123974113
19.255113947780593
19.059360673656045
18.832479724130756
18.63598940175218
18.467155082601728
18.28768936277712
18.104308761354062
17.911969322285074
17.71820514449353
17.520029477132976
17.345617529377563
17.15940656795254
17.03623250321506
16.894822490423657
16.721784396586678
16.553882410828784
16.423476929741227
16.290728596534848
16.149822272340078
16.014113202407803
15.855358183733243
15.736878545108059
15.608331181780324
15.476820184127181
15.344403662175301
15.222374541906385
15.100543606311426
14.968459398404663
14.871684506061614
14.757301089030394
14.637861138554316
14.529775156112962
14.431539787360613
14.337173054768865
14.231195328541514
14.130508305050743
14.02603583919055
13.930163814155298
13.853879673406515
13.764182285468813
13.664845992047418
13.559703233130438
13.465468760956124
13.387950093496308
13.307177001839765
13.222768695683918
13.144946281986691
13.05883220209316
12.996506020714534
12.936780719478811
12.868546727230083
12.786816673268905
12.711764059714385
12.629374370590895
12.544159330022662
12.467098905804976
12.381514200993067
12.292865212620871
12.210120757475389
12.140937830582448
12.080734743550599
12.018951363294171
11.943733867850838
11.869590610258694
11.808393945196176
11.737577845662686
11.672612478152972
11.60803797541404
11.538198941746174
11.482397458322495
11.422654997377585
11.365292208418616
11.305929551879043
11.247985632206404
11.19263038045776
11.136921526702038
11.09458936517342
11.055828532173418
11.016392618572993
10.964462255061882
10.915963157936234
10.864135650467023
10.82567176894103
10.78379869083144
10.74015795646988
10.696105498960563
10.6495882117995
10.60197806734802
10.569860259516794
10.529658644370116
10.488424309974913
10.456787370472508
10.420819388541194
10.381333288156048
10.343057346190285
10.30564997613271
10.264917217069023
10.22636890615272
10.190287784746339
10.148771730982121
10.108197888368318
10.080103129164065
10.044010115712483
10.005217824876148
9.969912698825372
9.930126374312817
9.891062142108762
9.846851582832304
9.81981606728684
9.787070620786656
9.751312554527113
9.714528683557901
9.690916294546774
9.663216088470662
9.634917837790399
9.603308175298102
9.570398647286046
9.540669794576218
9.513063302251153
9.481385424652345
9.44718265945949
9.416105522039516
9.382377066637169
9.344348818683423
9.318088314827328
9.285839868671959
9.26178556564347
9.234568273027202
9.209281901790053
9.18877257571277
9.164505626226656
9.141471203705406
9.119755776816385
9.093430120195677
9.065956617817555
9.04011845677168
9.013566577505602
8.991251923586708
8.965938655293977
8.939761773564427
8.915578825417558
8.899069029533116
8.879655815598916
8.86002336834763
8.837595944915188
8.815141139736276
8.791600167500471
8.771004984815447
8.747715105495011
8.723027834733687
8.698942595204215
8.674002001229209
8.655433356501984
8.63351276353999
8.609114501898333
8.584508559941902
8.558995303508558
8.537966512128126
8.51493008726415
8.493448691138841
8.470142508708303
8.447105003873457
8.426092255013653
8.401007047063661
8.375347863797748
8.349504576779795
8.319604642380165
8.30759009629455
8.291630510760346
8.271910816077803
8.247050668377014
8.223296651383759
8.19545491187554
8.165120212959383
8.137116441961144
8.101052230023983
8.072709742766856
8.040324253124773
8.019199564389417
7.999125353691827
7.975442857009809
7.949537078018741
7.923097525994286
7.89718334982409
7.8742692750186
7.850966488247165
7.825523041118077
7.798971089470765
7.7736018213492954
7.745055042015897
7.720046905013835
7.695195457251559
7.67021228511156
7.650626739494609
7.628808383105879
7.60571596258017
7.582144838475218
7.56069561369402
7.536421527702387
7.515864543795278
7.493276295597088
7.47332687519681
7.452190270212822
7.433785137797438
7.409708470353034
7.390192645280488
7.367513859910793
7.348057638319116
7.330003427682807
7.311841887067711
7.292561945082143
7.275371230196583
7.258744354068057
7.239756511039463
7.222607895032777
7.2028994188970215
7.179831226546712
7.165706794274492
7.1478453168537825
7.1255106997812865
7.109506319271389
7.091028744039544
7.077317567299122
7.060677407406672
7.04303691264334
7.023969970158369
7.007092805754562
6.988540018224448
6.974321434182019
6.96004105247704
6.946161124133104
6.934055670439388
6.920906391762716
6.909776629711569
6.896762373702909
6.883372630881608
6.873557897280722
6.863296330290389
6.852072946952964
6.841399395430459
6.829620260581834
6.818223827291228
6.804982349360392
6.793604197638679
6.781725565223487
6.77091726515439
6.759771711935706
6.749026010534839
6.7380713723049865
6.728600781180532
6.7183102207101175
6.709118426199026
6.700691054795033
6.691852630847659
6.6832435380104585
6.674258127057506
6.665353168342865
6.654932854483562
6.646442409247741
6.637689601057149
6.62897208613347
6.620875694372885
6.612659997281584
6.604734758932873
6.595328036285751
6.5873603457235665
6.579224612643946
6.571301042676523
6.564020700957028
6.558438708148833
6.552557904095386
6.546516004325068
6.54012628910419
6.533178319831652
6.527259263692576
6.52145761022291
6.515800447888054
6.5097938447795745
6.5029522158653315
6.497482310546074
6.491916862096045
6.486267716729935
6.480131541630579
6.4749102540927
6.470357124421255
6.466477415557674
6.46189814469138
6.456511317228019
6.451890292198598
6.446825197175181
6.4423169249018795
6.437627111887082
6.433042949790206
6.42825539388841
6.423236106614366
6.418791738204651
6.416159889580101
6.41306517498593
6.409487501656074
6.405486322722581
6.402609181289687
6.398984008989865
6.396559294901497
6.393515195367159
6.390571611684441
6.387875287480789
6.384961837041899
6.381935192146415
6.378790273176491
6.375594182288857
6.372166492430676
6.3693035458627385
6.366777728076577
6.364492350731428
6.362071169676103
6.359998892839441
6.357822119492004
6.355458107894719
6.3528663312555596
6.350324792136089
6.34822606380315
6.345727384495907
6.342825937492668
6.33997951883128
6.337620512711739
6.334974657336941
6.331990463415991
6.329406553811806
6.327369350189361
6.324970125772519
6.32240817101295
6.319954425200613
6.317592163035806
6.315932515946592
6.313946328159966
6.311751882861314
6.309633017044042
6.307314409086985
6.305310836892734
6.30311620455691
6.3010337417061635
6.299466215703393
6.297590869585917
6.295564830331124
6.293691140659526
6.292113511226977
6.290368397533632
6.288695916231365
6.286722189218599
6.285094742092665
6.283776084654104
6.282320693802361
6.280619110875754
6.278977994335902
6.277658525847035
6.2761128851314005
6.274450844697643
6.273004651329378
6.271487248833431
6.269904019668981
6.268318295433029
6.266877100313955
6.265457744677828
6.264266694267771
6.262877694348807
6.2613838969044915
6.260199770790444
6.2587340308868225
6.257247518905208
6.2558710302111
6.254471146127032
6.2533888053560105
6.2522558067399325
6.2510614687981665
6.250130701103966
6.248892588283157
6.24753675773221
6.246188181981663
6.2448641655416814
6.243620246763836
6.2422253524335485
6.241166233043359
6.239880974993566
6.23864413052028
6.237431648685105
6.236201955444345
6.23478760030478
6.233548148272421
6.232198454834281
6.2309175805768655
6.229508221520212
6.228039915563162
6.226598470388125
6.225146940892892
6.2239274555668604
6.222748756035693
6.221459208099545
6.220457475884473
6.219201512939415
6.217854948789638
6.216553748811342
6.215552725002099
6.21445291018186
6.213300456545766
6.212071078518566
6.210714373440208
6.209220492203421
6.2079615579141745
6.20675726858758
6.205506537448841
6.204144418308196
6.202915262600786
6.201697801463309
6.200519905791069
6.199608686726256
6.19851070868274
6.197544412274755
6.196406448314457
6.195141961370174
6.193970899663842
6.192984488437649
6.191880077901956
6.19062678450239
6.189516664512071
6.188291677264655
6.186877538871382
6.18551427170749
6.183991527615327
6.182126834728167
6.180373833260795
6.17825599445729
6.175878578906121
6.172390966537941
5.990907109965769
5.990580744484105
5.990013462812106
5.989093185013955
5.987536262369379
5.9848882311171785
5.980709776603972
5.974423733812379
5.965922610779728
5.955150741040434
5.941061292390591
5.924327244164419
5.904374650825449
5.881886791996081
5.8678695478493665
5.8561058171083324
5.846428922165554
5.837374348901578
5.826507306622505
5.812769224643849
5.798949753442551
5.784140768214317
5.768389126588595
5.75153745107053
5.74071389193441
5.729884243175017
5.718550544403602
5.710310679784716
5.702011697409992
5.693946433026571
5.686194979289265
5.679960525645923
5.674670494171514
5.669619142948991
5.664882246816196
5.661817249622513
5.658255631625112
5.654747782965063
5.6523849882065775
5.64959356598161
5.647267046100298
5.644936247518831
5.6429199592328585
5.641119841743339
5.639310309476327
5.637416692022155
5.635717863407033
5.634336198991724
5.632874426666893
5.631645835527399
5.6304952050490185
5.629284149672857
5.628282675637849
5.6272908751425454
5.626269668316992
5.625221324384904
5.624156453666585
5.6228901533827305
5.621615781586902
5.620394548220041
5.6192693144583945
5.618169167754886
5.617104030833589
5.616111480093446
5.61506200593315
5.613878928525443
5.612730188221811
5.611543182527115
5.610236119985325
5.608784922241259
5.60765016626832
5.606422175123702
5.605152462992866
5.603793247278576
5.602265374779989
5.600606842742313
5.599016493795862
5.597613342805419
5.595946514514571
5.594122549906165
5.592397356552439
5.590640752709295
5.588897710332193
5.5871126028139
5.585499955627261
5.5837499109648885
5.58187190307733
5.580062839425801
5.578423392225639
5.576842934825146
5.575321194631104
5.573609843639033
5.572018329985001
5.570463726378382
5.5687719744102875
5.566979689521593
5.5650460325361895
5.563464562482991
5.5618252857012385
5.56012794414401
5.558436146228447
5.556918392290216
5.55549078521055
5.553903903419942
5.5525764636548836
5.551227299629457
5.54967169224543
5.548255617360473
5.546995157070944
5.5458261439386245
5.5448978681889125
5.543610152245427
5.542223340625597
5.5410027487887845
5.539680265953623
5.538296224516381
5.537090641470732
5.5356517003069925
5.533950491421681
5.532412888269622
5.530899568227487
5.529598636474283
5.528442523199727
5.527096382195555
5.525726422455167
5.524179135643493
5.522733561446025
5.521392563714956
5.519878897790534
5.518680033916834
5.517293936938977
5.515854429703971
5.5142694085980715
5.512705952018827
5.5115933145861025
5.5100843823700565
5.508628997253018
5.50718775965187
5.505681670532711
5.504544572602693
5.503182421891813
5.501696915469053
5.500344153364774
5.498822715658318
5.497370152914447
5.495789913774013
5.494260511595222
5.492670874894978
5.491435944517217
5.490001046253836
5.488467839441499
5.486917783975954
5.485364576060074
5.484095611240216
5.482528154710339
5.4808435803897035
5.479037167202744
5.477343356046422
5.475459039416053
5.473748423554407
5.4721036080113175
5.470645055146991
5.468937423177485
5.46697550278933
5.4654488334000515
5.4640141815542265
5.462598256922483
5.461035792734469
5.459510268360987
5.458085199996057
5.456793223851284
5.455554575388217
5.454310942473155
5.453089948839757
5.451799325617593
5.450537115432723
5.449165640639791
5.447859187578917
5.44652424429491
5.445160478510177
5.444135060827285
5.442839102306405
5.441622280358413
5.440233108063577
5.438795451488736
5.437392393582816
5.436144647141845
5.434766472112669
5.4332292587007815
5.431689679231726
5.430282283069328
5.428966338288659
5.427740108522207
5.426397837065128
5.424903833263079
5.423506844437123
5.422085693779876
5.42086203147468
5.419514400186289
5.418087091704651
5.416823828021246
5.415772163629538
5.414417838957366
5.4132650219973035
5.4121432469964335
5.41081930179339
5.409922702557073
5.408818273257555
5.407609276015331
5.406187988381458
5.405147844095497
5.404021915354421
5.402915196100293
5.401774335415279
5.40047165130466
5.399189621174712
5.397783064405115
5.396629986335448
5.395445317393762
5.3941716752309965
5.393143169169534
5.39188297301509
5.390677063246505
5.389332331625773
5.388212177788876
5.3868180550827685
5.385691857010851
5.384390675478502
5.382947354017911
5.381584925857906
5.380377286406908
5.3791461857930845
5.3777984614767735
5.376626733504037
5.375281579843641
5.373985200702859
5.372718463173198
5.371506300225421
5.370312382843962
5.369079538657456
5.367919282057219
5.366708119939393
5.365315385933236
5.364234499459761
5.362905920028316
5.361603143761984
5.360074039342816
5.358628065091216
5.357179954482694
5.355771510394287
5.354457951060254
5.353199004963297
5.351814249790397
5.350466345533589
5.349078441304936
5.347691896989005
5.346357698251054
5.344961347692427
5.3437371077304885
5.342471260473366
5.341056703906683
5.339586804598136
5.338489967962564
5.337167838000848
5.336029179044024
5.3347276368721985
5.333418968191967
5.3320379925342465
5.330816544406776
5.3298054024081924
5.3286029805837565
5.327486832023794
5.326274460311028
5.325004056191817
5.32392773746954
5.322693196373554
5.321332296278605
5.320127757635532
5.318802401051611
5.317519226878797
5.31618574737863
5.315034339631577
5.313743130264076
5.312328891844915
5.311043955590856
5.309729616476077
5.308485399508758
5.3070909097894114
5.305703313126148
5.304319680484834
5.303269127339982
5.302211308536829
5.300970218464044
5.299781671854449
5.298479870737921
5.297099215078648
5.295804334847889
5.294301718979076
5.293049045890733
5.29162341419096
5.290442339919529
5.289378074673593
5.288096866209331
5.286897032009102
5.285614109982163
5.28443228458109
5.283210017012362
5.2819192671621344
5.280844460370295
5.279713604681769
5.278442046669037
5.277234273325571
5.276065704436704
5.274780084298552
5.273520182510332
5.272391797216653
5.271108132762036
5.269721817421549
5.268424831777269
5.2671809008442425
5.265784695354266
5.2642603504795975
5.263207989908828
5.262002944871883
5.260759022491015
5.259335946115591
5.257905987859824
5.256424245329945
5.254958164418988
5.253498761857215
5.2521512681254325
5.251001809298175
5.249623523576373
5.248028967872184
5.246724676856352
5.245189634601077
5.243710858610088
5.242184279064753
5.240548502618412
5.239077094553425
5.237643242666114
5.236222128843588
5.2349514616009
5.233540783080477
5.232092000664547
5.230839917283169
5.229336095606327
5.22783336247274
5.226899338904428
5.225659348386044
5.224143533874782
5.222790690248438
5.221511385483837
5.220215592327836
5.218856042464812
5.217454105813063
5.216011658557123
5.214794898627819
5.213362036848243
5.211879191347702
5.2103770220810794
5.20868746962305
5.206780234763494
5.20506245353317
5.203455102070977
5.201677746910047
5.200135058476343
5.198566463634293
5.196994998212449
5.1954192752662784
5.194044817721877
5.192515026391896
5.190649369696159
5.188864375071155
5.1869398056581275
5.18543956933706
5.183635513234217
5.181909011881474
5.1800369764424765
5.178349534171372
5.176575017852105
5.174667591882645
5.172861813797423
5.1709183669538135
5.168863417488398
5.16683105462996
5.164858944562736
5.162633362559491
5.160016058794813
5.157535310215172
5.155349230469865
5.153095168209269
5.150676967506666
5.1485475243449565
5.146314749884573
5.143960687066916
5.14157618735751
5.139899646936174
5.137755460324279
5.135331413666418
5.133197695806796
5.130851373697352
5.128569834114163
5.126204469673411
5.123721817919977
5.121360937563286
5.11931446850444
5.117267985250152
5.115129529746525
5.112956641439322
5.110630109019324
5.108011586517772
5.106360397370075
5.104305091269385
5.102144037365885
5.100130484072766
5.0980750504507295
5.096551796288055
5.094717123654295
5.092840399858276
5.091110703504245
5.089503723642844
5.087784129570309
5.086080463673486
5.084436795789893
5.082478376309512
5.080510821060856
5.078708000114082
5.077185038758209
5.075345685253486
5.073619907002076
5.0718527589961555
5.069983673577889
5.068173213984557
5.0661498722918035
5.064299301849166
5.062756972303578
5.061055105902719
5.05901533826103
5.056786305409036
5.054651611826241
5.052585993380205
5.050490950051579
5.048585805974632
5.046732124154351
5.04469360805567
5.042521026633128
5.0407246944068795
5.038712302974778
5.036983451341232
5.0352979858548
5.033532121887351
5.031846642363149
5.029875412084228
5.0282637785760915
5.026596804493586
5.024882923319472
5.023013289918225
5.021178276248269
5.01940704311847
5.017495349028966
5.015610664919853
5.013859163996377
5.01238762068372
5.010477686492661
5.008509232982562
5.006358546892307
5.004452989084529
5.00260951234129
5.0008211521663615
4.998950581163672
4.997270840667415
4.9954091917872
4.993353937599516
4.991476899719694
4.9894271605428155
4.98744835587207
4.9852489536066225
4.982892156641435
4.980461207375683
4.977740871098767
4.97511831672573
4.972191114798949
4.969372188953477
4.96650499805342
4.963539230945852
4.960798949509773
4.958691418039654
4.9560415762155685
4.953429090046165
4.950566098549358
4.948390026854008
4.945966898548596
4.943132944617904
4.940476569822893
4.937798545430011
4.9357544786959835
4.93351063678651
4.931327665169732
4.928674690271739
4.926037424880549
4.923288034300521
4.921303680316127
4.919026485353905
4.91695812087446
4.914868059170878
4.9130651745870075
4.911078555450276
4.90902131068755
4.906928638177774
4.904683508846592
4.902211297851126
4.899791539594343
4.89783963981389
4.895463192084312
4.893268044917518
4.890839742016714
4.888780805025383
4.886866953969523
4.8846869548426834
4.8827295152568375
4.880794051485545
4.8788160012645525
4.877027810363836
4.875081680179264
4.872859663008249
4.8709995829163875
4.868828789713591
4.866555008909006
4.864368435229706
4.862055736609949
4.85991869072269
4.857973329300738
4.8560486848233175
4.8543043425053805
4.852428282294648
4.850942752546773
4.8491178780773465
4.847263326608944
4.845560135895609
4.843804374749439
4.842215577860735
4.840578097590568
4.839018065547105
4.8371129466502945
4.835564681746476
4.833849981388576
4.832095679479695
4.830288554851487
4.828437280497284
4.826763968878264
4.824866671923234
4.823029857341319
4.821133035978312
4.8194132000827254
4.817602312069687
4.815683212453747
4.8138115551065095
4.811917148382461
4.8100761078205085
4.808249039400749
4.806463924985405
4.804617160194777
4.803075737703429
4.801540816538173
4.799704694757293
4.798143127709852
4.79665408729851
4.794920730201858
4.7932684119634725
4.791558110777333
4.790110986895375
4.788522022581906
4.7867100993095875
4.784608028355581
4.782649319055237
4.78079258043886
4.778608730389046
4.776093949261824
4.773363845665665
4.7706099523204415
4.768451439138286
4.766653341525142
4.764741712590686
4.762579454146515
4.760009861253516
4.758056196233658
4.75633873542758
4.754865062774835
4.753138570220761
4.751805078962189
4.750495062444706
4.74893205006145
4.747556598722066
4.746131414684751
4.744754855187365
4.743342584340194
4.741917786638823
4.740440147855381
4.739162345716785
4.737716872546596
4.73628582265497
4.734750564760307
4.733174010094292
4.731927106388057
4.730522709052684
4.729188960473184
4.727781599524963
4.726143461067697
4.724690719983903
4.723122997439515
4.721902635199931
4.720443919085676
4.718880476086914
4.717247795075934
4.715843323343941
4.71418283579637
4.712479280193119
4.710725413749753
4.709150294516733
4.707290284889839
4.705577151870583
4.703813974588226
4.701677040486001
4.699268189423261
4.696672456598472
4.694422585393822
4.691822588140498
4.689213244010093
4.686749765129639
4.68500465858324
4.682887515788118
4.6801719498317595
4.678082590312728
4.676618781383841
4.675025763179049
4.673430477482282
4.67200054265722
4.670667050909121
4.669463931791537
4.668524208618722
4.667489918619098
4.666297819047776
4.665209032354248
4.664087168079526
4.662950152281626
4.6615894355124725
4.6599070771033055
4.658577175209248
4.657247653019317
4.655672104463295
4.654443777072446
4.653087875599931
4.6521562963564795
4.650970961752767
4.649596709687723
4.648233826874167
4.646766494671207
4.64554841348821
4.644136551463381
4.642985306173282
4.641612415444059
4.640433335405822
4.639074810064805
4.637876770364902
4.636534322080775
4.6355652194598
4.634457075454425
4.63336119240045
4.632196660204338
4.630987739080622
4.62995567980704
4.628735058894164
4.627382896178334
4.625973350999706
4.624547120333299
4.623231802859586
4.621794091550784
4.620362763755991
4.6188157756557295
4.617571438082665
4.616252937667799
4.614715055722011
4.613204300830841
4.611810026962981
4.610366023197245
4.60877340809119
4.6073357964467885
4.605884616275579
4.604315626648127
4.603031690501191
4.601643130218927
4.600442973189768
4.599100825279339
4.597875125374327
4.596740866006035
4.595498739064899
4.594417475833367
4.593302752691517
4.592140475083982
4.590882722649034
4.589536379201128
4.588187960406497
4.586863913746621
4.585344747702328
4.583984890541537
4.58255107312179
4.581134630826408
4.5794810005186655
4.5782437821629
4.576813034845447
4.5753072549803
4.573735616958555
4.571994998712103
4.570494218101596
4.568992388282458
4.567563363424451
4.566090867688684
4.564497095374589
4.562720508492282
4.561446080618529
4.560101529426033
4.55852611974545
4.557020142169385
4.555391140966397
4.553925263109047
4.552625770939678
4.5512418092800555
4.549945404747122
4.548559550083867
4.547144770178416
4.546068718606605
4.544824589644634
4.543600792864315
4.542421844993996
4.541492841570571
4.540365279005322
4.539247634433897
4.538367208499533
4.53737601723124
4.5364089795920215
4.535243487470089
4.534090571104504
4.532938796650365
4.531694879652845
4.530434624952468
4.52920225233156
4.527847793502582
4.526403056920493
4.524839785832853
4.523565661672716
4.522175015096554
4.5207258701424875
4.519618836115541
4.518253860319866
4.517066831625037
4.515684916295811
4.514387432012062
4.51301886950071
4.511435927690824
4.510122413427587
4.508572719872119
4.506821242847762
4.505437652399609
4.5041063269371
4.502598161330626
4.501178782017908
4.499763289518482
4.498217612560181
4.496599169713864
4.495018511957399
4.493461582396336
4.492100141559762
4.490734327737243
4.489184499405553
4.487608819163711
4.485981416814601
4.484516101399636
4.482858258082086
4.481215774562161
4.479678494785083
4.478121887778769
4.476424348215845
4.474660903750462
4.473005829151239
4.47123917480927
4.46988173168304
4.4684177397075615
4.467008315862721
4.465296867169384
4.463792109768475
4.462033247332627
4.4604334911484464
4.458997871118796
4.45738483495218
4.455592056291784
4.453813646244525
4.45207452506999
4.450209603584322
4.448525091458967
4.446379796831785
4.444263863076552
4.442339532979281
4.440286538514292
4.4378024409686505
4.435851386828968
4.434239577233736
4.432544718585264
4.430764267848254
4.429238422987882
4.427803541145057
4.426157240972385
4.424425796853404
4.422911521953898
4.4214568431663555
4.419962690324068
4.418404608789704
4.416778200361721
4.415162306232421
4.413524674842002
4.411912877701994
4.410217732203466
4.408429366103677
4.40688332446314
4.405331797951139
4.403647588361271
4.402465417221954
4.401129460121242
4.39987921615575
4.398571968739288
4.397217199816364
4.3961920166508985
4.3950378223094955
4.394117570168506
4.3931007684391385
4.392138343879809
4.390968464430754
4.3900483990613886
4.388984561673393
4.38778585698925
4.386763602026773
4.3855354159073965
4.3843728439744964
4.3831903890320465
4.381992510798364
4.380954816328152
4.379865222106297
4.378682472905931
4.377334461273943
4.37611404129917
4.375035323763892
4.373928887396225
4.372779116849019
4.371571171978346
4.370429645567411
4.36913773692417
4.36779428944174
4.366753224122465
4.36544506980451
4.364426438902388
4.363450995787046
4.3624947693557905
4.361505988687526
4.360382818257153
4.359608159618385
4.358805816640147
4.3579988096353475
4.357148727916353
4.35620900494575
4.355130725051075
4.353991103996
4.352557359778098
4.35079385829055
4.348619610302615
4.34649949046662
4.34551622528264
4.344224666092503
4.342871523150853
