703.7197834104904
597.0441850077486
379.5073178974459
331.5663451256136
313.93174468616616
282.20150993433674
247.15716710046144
236.3138148443358
230.36261001552722
223.86746199363142
222.62901709802873
220.47731017017514
218.69397998534396
216.01184541460734
211.75611963308384
208.96815544113264
204.90899780420085
201.62403793497842
200.6943378334583
199.40425729595177
197.0921981696876
192.94649257689522
187.78828936818252
181.65343816015292
179.76590102247508
176.89034025847195
173.2061012520073
169.55390691644917
166.39590507197835
164.17977298768295
161.3633990540014
158.98850947142822
157.65940809064307
155.87720959111206
153.80861159168356
151.3668733834914
149.79637658750096
149.19599450368943
148.33265866998397
147.2774245839832
145.6093283347301
143.14823279660035
141.5484370440065
139.46501927390304
138.2757211471204
136.41275983850403
134.4350784163307
132.22390755088307
130.36299647472214
128.2509514929326
126.49487939346142
124.80418142346348
122.30884029409594
121.4105691360806
120.01137014779587
118.42714082076154
116.03414739121783
113.55947659846072
111.65727828062347
109.51842001952961
107.89964586846473
105.78750658758302
103.37351298544851
101.60362765504064
100.2743525585803
98.7319687470617
96.6729550293328
94.80975210285008
92.95666036739671
91.29550205993434
89.90084748321149
88.03410103433524
85.86547838166244
84.18137024380013
82.61372814121543
81.22866737925969
79.78150691337622
78.55437276664796
76.92766751787155
76.08381715670305
74.50217326029943
74.00509443910137
73.22654970432221
72.85502379767743
72.20095004405738
71.03937142235407
69.39527563526771
67.94455583476227
66.41283020061516
65.14894366876997
64.05246037087663
62.983900367150966
61.782312464083816
60.382434047024084
59.80126956591316
58.963700629593454
57.847959506765605
56.712213808856475
55.83982894588969
55.0436746932422
54.05757128219554
52.914577381091426
52.47857282745434
51.815060440577085
51.02158117194192
50.0305946177122
49.41410017943054
49.002798481852594
48.39783500395849
47.624061810986866
46.80661552616752
46.21529505562337
45.54609148575965
44.871054784757696
44.28480113217576
43.68583239601153
43.14521949462599
42.60616712919085
42.07016218908325
41.761623557246836
41.34389189445195
40.895806136861424
40.3482527628569
40.00952922944281
39.481724950631346
38.94432706439548
38.5815715919432
38.20820080585744
37.769036681912816
37.41260151917621
37.03972237142816
36.59992692542505
36.22731849736448
36.095980105743436
35.892972732527745
35.625671004854816
35.29613990353255
34.9031832721127
34.644970185420064
34.375563879223336
34.146702933385626
33.86089446877838
33.600377323311605
33.331597932160506
33.12532863753929
32.901293900690376
32.6813856046517
32.50157518408987
32.32784664685758
32.13596849564287
31.995311438813097
31.814948132687082
31.5994625676756
31.37219527245886
31.317820200596294
31.22427708884791
31.07007191581461
30.882135485703753
30.632417775988994
30.377143299528043
30.204649978256604
30.039318607249882
29.858825079710297
29.649703644821106
29.50344452988124
29.370623156818322
29.18189571085333
29.047728639090295
28.87823265821991
28.670219599738378
28.531546443985583
28.34625067228447
28.117978537766987
27.8934865023403
27.658177659758216
27.568269863038356
27.42565233455329
27.268545583652145
27.121070356186348
26.961385387125265
26.755528423129768
26.530572420010646
26.40311226968496
26.26162545718006
26.11962305637657
25.982621384588345
25.865044990158502
25.737519826064435
25.61416570298809
25.495394810298603
25.38379748954436
25.296642561830716
25.21277317193521
25.12277672538254
25.06945302957682
24.99939826956325
24.92145815008554
24.842919835904542
24.76970892869868
24.705364765978903
24.642902485827236
24.571944281702283
24.524533081625343
24.456107759968226
24.410503746910734
24.389386147926423
24.352016870735866
24.289040787554896
24.210222782944633
24.145435009903892
24.08486264587677
24.032019208646282
23.96507554122333
23.926118789939594
23.868001204358485
23.793101973021603
23.754779783261622
23.72707846093615
23.68442590448137
23.62814738277296
23.565050509322063
23.495056883692648
23.446021612123655
23.374622607666105
23.33040969958208
23.262144427178036
23.17443380310101
23.11284027837151
23.083035597843455
23.02643268313107
22.912910382531983
22.860307258478272
22.78477671688034
22.709813115796035
22.650968029539598
22.60511133900795
22.547139284912475
22.472425071123077
22.395813452238933
22.30351095991404
22.247135761732174
22.180311400766648
22.102549494971097
22.03163530116748
21.968717426681597
21.890067735319047
21.87537226215592
21.84931518760452
21.80658660423847
21.74738177683568
21.669838905603342
21.60203595060024
21.5148004694832
21.464666645931935
21.395071846051156
21.32252517126958
21.259618824687323
21.193212251615865
21.100090275862406
20.976066183964935
20.869501849410614
20.782528002529872
20.68404595808179
20.604660135696236
20.524815297225114
20.433165482496257
20.354126256205742
20.263435416688747
20.17237179487499
20.050932985652423
19.918764711411313
19.780201132101936
19.619170885335343
19.41897467685176
19.27731691214923
19.14649789146661
18.975549794121278
18.792002051939132
18.561383799678865
18.335875499636643
18.1417146663794
17.948078274618453
17.819248362697927
17.655331717802056
17.456860356592795
17.23702066047885
16.987841302740495
16.872093761392602
16.73313365263412
16.6211965342296
16.463821664008762
16.275629522946897
16.046628457486463
15.815822543485464
15.542321117145173
15.351643514989698
15.15744087882419
15.069543727422326
14.929511790687158
14.77983806699951
14.698698748089392
14.582890432397821
14.430489209929677
14.247146254589474
14.105679243272405
13.957787472196788
13.8120382756115
13.301968647776292
13.284418278301663
13.25117689238646
13.190800726597274
13.091816212007696
12.953086588565384
12.762470048819564
12.53105271811168
12.453801043474499
12.343669403086537
12.22939420978113
12.103807515922465
11.99818983540855
11.873561250515907
11.735691700238133
11.660595295962326
11.583893426789476
11.487033013487174
11.39275785768789
11.286577581825817
11.219214635376463
11.156538730799523
11.06506798901375
10.957015034954587
10.87730152574797
10.795045006181958
10.732941054472686
10.657197966090994
10.62195924542652
10.572334223138776
10.516674508517406
10.482042992682135
10.441521341502327
10.404183161328309
10.379228379818716
10.346185501469677
10.310148595576923
10.271134706566624
10.213098543890117
10.147767703062021
10.081817635799549
10.034640981103703
9.982914560691583
9.939511942700456
9.893303839797131
9.840588109201962
9.777625100662245
9.691977971872184
9.57076602939858
9.556980767814752
9.53569513690666
9.50160402552769
9.458154525658493
9.420227650532274
9.395631433776103
9.358972932734542
9.308115514520095
9.26310444763804
9.251885076024596
9.231455798140251
9.073860345075651
9.0441176422748
9.008936129096409
8.96174332062454
8.942799200054155
8.913428646535397
8.870337488408033
8.832165280483384
8.803605735725558
8.767529714114549
8.727532106727757
8.713021323113576
8.695634989626456
8.678493233304215
8.666179285271234
8.654383342934452
8.642836536657278
8.632562204159244
8.621869614210798
8.61156792995535
8.600480445928266
8.59196036054487
8.586069140720813
8.578783008624345
8.569874803743101
8.562470137606837
8.553000563217042
8.541278288790265
8.531585174906386
8.522997542424472
8.513091547429728
8.496429266437405
8.322101778928424
8.318981766269264
8.313392721165968
8.304050339818469
8.291398688505033
8.271392136754365
8.240907386984759
8.206479119167401
8.179852713955169
8.147935160556049
8.12480133716879
8.10408641328488
8.089093528407071
8.072072791759656
8.058940037454146
8.043309910454763
8.038055563564981
8.031380587046506
8.024323244890436
8.017216781720425
8.013222342688309
8.008309146110602
8.00396373470301
7.999355991775428
7.996346324504554
7.993724809528361
7.990844742815917
7.988620279614289
7.985888914138103
7.98370001447587
7.981160175311425
7.9792170116596814
7.976838956177415
7.97474376547958
7.9726217396341905
7.970735332700293
7.968778277256138
7.966862229653284
7.964740636285525
7.963162277901432
7.9612301691919125
7.9587658442710385
7.956692330995926
7.954735233411993
7.9531598855075885
7.951162569394832
7.949852052072798
7.948389305362959
7.946848314193531
7.945583660118063
7.944325506098123
7.9428766793571555
7.941557464719356
7.9400368427280705
7.938501834547882
7.937973081811053
7.937221586593598
7.936318882266829
7.935377253547558
7.934229073497575
7.9329440544092105
7.931701724110303
7.931034945313874
7.930178768692915
7.929227044719992
7.928444019563482
7.927292398599505
7.926000563824246
7.924565586262057
7.923382069208836
7.922333894630878
7.921425860811804
7.920388152268012
7.919407789522518
7.918784460619179
7.917920023750515
7.917126484887133
7.916265513318832
7.915332502521402
7.914469990050158
7.913687806667127
7.912988317598938
7.9122892271018515
7.911687654949461
7.910886048856902
7.909921558113318
7.908996058568206
7.90813359685002
7.907208569360377
7.906188316486285
7.9050957650769105
7.904063493561291
7.902984504010056
7.902271887850963
7.901536514060175
7.90066066610322
7.9000156081670685
7.899354329626636
7.898777465768404
7.897916390786042
7.897156601415663
7.89615389716149
7.895352894514144
7.894421781022481
7.893550443209589
7.8930850950402105
7.892521204203353
7.891941849217744
7.8912409198880225
7.8907189271852936
7.890128638667693
7.889332337588245
7.888554760105297
7.887817783064444
7.886832784476534
7.886298146795365
7.885696552036329
7.884963555083964
7.884255998393297
7.88379305927267
7.883174792164731
7.882587287474404
7.881887324701
7.881113953768838
7.880373042499311
7.879950149004302
7.879409498533455
7.878704236338629
7.878099340484819
7.8774819081604495
7.87683302560899
7.876151143246452
7.875274221639637
7.874662109457634
7.873925054519942
7.87320627493191
7.872446324541846
7.871588482809473
7.87067394602081
7.869751606933404
7.868620692343101
7.86702163933521
7.865667970835212
7.864912507832544
7.863948279183237
7.863273913400079
7.8624004802017
7.861676478030065
7.860859102298102
7.860200584325206
7.859655356539078
7.859141829442526
7.85846230058972
7.857615370230549
7.856764839262926
7.855864236547641
7.855021683403191
7.853875071507833
7.853565593135899
7.853056981240324
7.852221677880715
7.851109918380765
7.849820119752749
7.849458872060176
7.848874298388795
7.848020608094872
7.846795136591512
7.84512501838174
7.844331446080599
7.843309315050464
7.8419062836305145
7.840423594135672
7.8395177166401595
7.838300750834659
7.837153711586233
7.835779833631685
7.834564636982862
7.833143860262188
7.831862997218039
7.830373046786678
7.828919381162434
7.827614915353343
7.826971480580861
7.825961710640865
7.824869989145517
7.823308233776908
7.8214186391110285
7.819615630595274
7.817858033383226
7.816672736506504
7.8150917199753955
7.813461837535953
7.811711229599752
7.809998658418365
7.809009651755629
7.80855907102271
7.807848893170387
7.80670436786437
7.805198049094643
7.803290140565028
7.802138108028822
7.8007921960049895
7.799369708742713
7.797868432722767
7.796681158688379
7.795455494151351
7.794236822726177
7.792954443604838
7.792143772949629
7.791076501673693
7.78985418581941
7.78834504409525
7.786763059688642
7.7850617841377385
7.784107225838353
7.782760206160498
7.7807670767142385
7.77824805111826
7.777489182795252
7.776286748723734
7.774549767349351
7.772474237840368
7.77189795048296
7.7709888621184735
7.769414589275133
7.766945464888609
7.764576519461222
7.764006805544257
7.763199696706191
7.76184427599207
7.759831481503788
7.756836653935737
7.753567023231617
7.750518191898383
7.749143049665873
7.747304152314854
7.744827125408397
7.74255174349862
7.740525421466237
7.738820187981029
7.736794212549865
7.7338544964789095
7.721069617627587
7.719991763330299
7.71832914358494
7.712071210781428
7.709187267780715
7.7073662077095175
7.705697579293975
7.703932252504767
7.701306880527663
7.697186929561606
7.692082948472099
7.686020688622748
7.676976612219375
7.663971664181509
7.646665639073575
7.621024462682865
7.580828760612402
7.555260372745322
7.523843171125176
7.489042707769586
7.451324571458819
7.431907610404521
7.402828195961994
7.399913076763547
7.376820244321186
7.349509792032142
7.344857351235557
7.337257576099066
7.326768876828028
7.322983538270235
7.318990139181877
7.313284311007134
7.30695551194442
7.3027437886295825
7.298408160589782
7.296613787723834
7.293973950673218
7.291355528999962
7.288808241559613
7.286648983964449
7.285510004060479
7.2839271345417504
7.28203216659662
7.2801433928727155
7.278271769375493
7.276766762376388
7.275820987715987
7.274472848299855
7.272746422842384
7.271091360880241
7.269702573642842
7.268320965610494
7.267087723847279
7.265325056805326
7.263773412377091
7.262730580746885
7.261502780636331
7.259698773596635
7.257116417561257
7.255682705893385
7.253856228623048
7.251662908220936
7.250316929215482
7.248328356985311
7.246542517462665
7.2448017841881915
7.2428690749942035
7.241045114108294
7.240077043623083
7.238637453647327
7.236790283406438
7.234482260547956
7.233346393359492
7.2322663485386975
7.230625959413604
7.228897872267083
7.227197257053279
7.225771130578613
7.224228096836029
7.222369147101766
7.2208041045492655
7.219797782821686
7.218205374420053
7.216100258885801
7.213903146887844
7.211488997955676
7.208432104200437
7.206938411191407
7.205068803828331
7.202535311939974
7.199603276155876
7.19802007658013
7.195887806447487
7.195323066863018
7.194291538754072
7.1925100938212925
7.189717950417924
7.1861692331882026
7.183635022340349
7.181701823716513
7.179495559133761
7.176880234963747
7.174878273332501
7.1719329088552914
7.169015284877881
7.167176617998282
7.16535982172951
7.162878553686544
7.159642178079501
7.156963348866589
7.153790677712519
7.150104522476488
7.14751439273571
7.144037990142712
7.140403542100415
7.137858919903227
7.135570629311671
7.13184245269394
7.125976299721255
7.119186821025858
7.115639687575898
7.111320602271839
7.107603867905943
7.105056340403659
7.1019888577241055
7.097624169709083
7.09361710932548
7.09085238614761
7.088060118650912
7.084323301835475
7.079662847158192
7.074030377883643
7.068335003133134
7.0633833770426735
7.057333814467664
7.051266627376517
7.046173817832706
7.040979682570156
7.035719942293477
7.030911636235123
7.025111518847141
7.021910181885868
7.017261554412006
7.012678011492429
7.008723188478442
7.003599361677755
7.000980155592205
6.998058118546748
6.994153780374877
6.988454384859398
6.982074204112754
6.976133605904237
6.972439899034528
6.968329240680561
6.963604829289252
6.957088201938742
6.952829658854199
6.947132139023832
6.940279861392281
6.936103772771547
6.932250845901624
6.927085906581782
6.920488928989348
6.915489027866768
6.9125765742594805
6.908667745981151
6.902764509107145
6.895315748222939
6.888636998916353
6.881801894704582
6.875998931009319
6.868990815593194
6.862369317515796
6.8553491102299615
6.849612159493784
6.842182852388068
6.835009286508633
6.827750744159598
6.8199645280624726
6.811625441953863
6.802590763145529
6.7936213495534625
6.7846181852708
6.775964754895087
6.766785369905734
6.766530422048657
6.764130384888238
6.759639966487155
6.751751995710087
6.739391833829496
6.727558568839758
6.7255625359449365
6.722846277685094
6.718523770301738
6.711673088107964
6.702333291166762
6.691998109176579
6.686014181481487
6.6791568510514
6.671822608967879
6.662645827423187
6.652332590540299
6.647381824579931
6.64036665008806
6.630619396015017
6.619374413150917
6.610935943184226
6.603101185384748
6.594414636692614
6.586477455713409
6.579970752018955
6.572411229800551
6.5647713868382205
6.556490515880181
6.548804691224268
6.540080131730404
6.532401996808345
6.526591827905586
6.519866484873998
6.5110633587119775
6.504061479040779
6.497864751120552
6.491402988245143
6.296861840443063
6.295923211124904
6.294241623634116
6.291217631624519
6.285940198242242
6.276468501616752
6.259863220630608
6.232247531451069
6.190718800407848
6.138372806089052
6.108454035650855
6.069479252950982
6.033826687628217
6.016015069822171
6.000636543175181
5.982344751114905
5.970430726852099
5.965220478158096
5.957525946886952
5.948008391163867
5.938968774926453
5.931552483760911
5.92629369580919
5.921000293318499
5.915578542340082
5.9116095523570955
5.907497222333977
5.902259512846816
5.898211261687627
5.893548341198846
5.888028924573461
5.882110079824206
5.875835799456643
5.86951510929468
5.862390307500398
5.858891968939369
5.85517087492485
5.849504271120784
5.84178479354199
5.834251894167581
5.827400238530972
5.818730531964287
5.810131961824057
5.8022467381444915
5.798294085224191
5.792088707992048
5.784498904440743
5.77640820667713
5.769876917031288
5.761691143399872
5.75525614252304
5.7469104173119945
5.738582979787678
5.7299229698776095
5.724179072285178
5.7186466819459385
5.711622315379992
5.703830881750205
5.69421940302382
5.689359883069249
5.683408317342282
5.679002269072086
5.673187570009727
5.665707436901844
5.658304014546126
5.651620855012517
5.645062283334426
5.6383367886482025
5.630990877947389
5.626396359995677
5.6213258140399525
5.615597575139305
5.609522127787539
5.60433064440221
5.598391093583309
5.591058480792042
5.580887481020659
5.574144353047812
5.566999262937263
5.557526549863552
5.547532242258267
5.536010975186344
5.523012375666845
5.512379363030341
5.504832096659255
5.494603727238784
5.482765322089422
5.467587118669935
5.458267971220388
5.456399643858111
5.452959079119655
5.446935112891973
5.43727065835847
5.424651184404564
5.413086832055968
5.407093627772852
5.403620112143587
5.397877362825653
5.389724110408452
5.381854979591691
5.369853605971636
5.353782318229635
5.345023375462732
5.340342594619411
5.333231210618155
5.325108862947777
5.320150730563865
5.311751931521538
5.3017488764400635
5.292101362068312
5.280074514905617
5.271075656534991
5.261891827307863
5.257216834361715
5.250436145758922
5.2401157152127436
5.225732307387592
5.20861611961751
5.199950485698846
5.1902690974257
5.1777955504131175
5.160033439391657
5.149771424236736
5.138694949674411
5.135055489411827
5.129206678329796
5.121937767370246
5.112631415437658
5.1017761691640935
5.091562827704956
5.081746236693215
5.0743514812967945
5.068632540049241
5.061208202784284
5.053200579600821
5.043884188552138
5.032511109577969
5.021077708484926
5.011909147607465
5.010134304100499
5.006769094476532
5.000514547436863
4.989293280745061
4.970157416269107
4.945002299430259
4.930384238078423
4.909426954599759
4.887440078522957
4.876908946616538
4.868459297628547
4.855343565410322
4.839047319762869
4.829616910665278
4.820881721023366
4.808738429260379
4.799992304303833
4.790607738457748
4.781024822823532
4.775390004104879
4.769183452357138
4.7626678886160505
4.757464937745666
4.752416235572518
4.747229695914545
4.743130973429717
4.738260809626287
4.733752501070003
4.72627793510169
4.45523582268489
4.455143242986041
4.454275015628189
4.452635197371675
4.449884198254536
4.445533747179904
4.438644164300507
4.428076432711926
4.412876849943262
4.390045261072837
4.362506995910724
4.330234656242434
4.300007022447315
4.280942480339446
4.265617439785899
4.243045224287056
4.21486660000084
4.192574840659198
4.173987018946654
4.158165267802142
4.147165718458627
4.137473811041262
4.126689026156522
4.118564852918757
4.109572885787637
4.103355203487322
4.096078195507602
4.087379679932749
4.081500170310147
4.0747154398273615
4.070344950122964
4.065480296701055
4.061981456653012
4.058577408121313
4.055836278266665
4.0536743144910865
4.051136258036259
4.047908515223345
4.04456386134559
4.041299954673742
4.038697332236519
4.0348369856456685
4.030025514768289
4.023920623518979
4.020511945297986
4.016832834498471
4.014237515911635
4.010034357950641
4.0030007313549305
3.989624771828166
3.9792053208644234
3.9738923452742503
3.9722371917512374
3.9692970184433576
3.9643280245488466
3.956612097452755
3.9456032786275874
3.9314797038634177
3.9166734764204816
3.9100312971270133
3.9017455452628527
3.895551318065811
3.888594279782511
3.879830168712061
3.873477523071612
3.867422345763348
3.8616357161181942
3.8558270774604444
3.851232774199072
3.84619771046753
3.8423010713328827
3.8385859751908384
3.8353303171848347
3.833458071905903
3.8308726883969726
3.82794921821252
3.8243503077679515
3.82000356173868
3.813533127841416
3.811522375617224
3.808959615663701
3.805439981232305
3.8007394344911174
3.7977701916290867
3.795498563535732
3.793428760265425
3.7915988830003293
3.789432475883589
3.7890767364477576
3.788463488868387
3.7874239838412325
3.78578368732948
3.7836673906312583
3.781468005461718
3.7787451766447933
3.7748962480218067
3.772506782722278
3.7719218727895605
3.7709077691886375
3.7691778716693234
3.7669151807703978
3.764362310892504
3.7624939937411463
3.760946199543896
3.7598184571601
3.7587554018333087
3.7577378139617466
3.756702232197356
3.7555238744631336
3.753603257899515
3.7460432220781614
3.7445355158780327
3.742120767732679
3.738792548534442
3.734353993626174
3.7279060774472246
3.7210420867405247
3.7197179219956515
3.7174762715569516
3.7135373122757933
3.7076195923848934
3.6999158411072646
3.693206191410126
3.682859518241494
3.678255335924522
3.677120525496007
3.675153090504743
3.6717791427834205
3.667538255743003
3.664765720262188
3.6615183572746943
3.6593967752951118
3.6575128915044637
3.6563395276698643
3.6547175727580035
3.653185395402203
3.6511568627240942
3.6492164168857135
3.647288311104231
3.6457294245932577
3.644378769877772
3.6429901521177213
3.641616520740292
3.6409727640219565
3.6400797495597415
3.638953460719313
3.6378844149641756
3.6369341693500976
3.636430374291802
3.6357699050447456
3.634922428728614
3.634189158218299
3.633387959644836
3.6324607830874127
3.6310083753686206
3.6290398296877386
3.628069248909732
3.62641634440215
3.6243721463693577
3.6215924905208117
3.618799668298797
3.6153732498837123
3.610451737246321
3.6071793385318793
3.6028384791246126
3.5980814371257708
3.593654644830302
3.5857541317680663
3.579123872222904
3.5731032067756505
3.570230859762587
3.566009649422587
3.561261764592458
3.5578660773866817
3.554151179020835
3.5470616503275725
3.542861751369867
3.5412708977867915
3.5386211842024293
3.5342417494461955
3.528051936468904
3.5222177508298684
3.5178896789980207
3.5128371477943445
3.5069235377627987
3.479084290150436
3.47654263865914
3.472093858966751
3.465301355661726
3.455972673760627
3.4517400356594314
3.44739463726828
3.444668321167625
3.4426805932718514
3.440645331458697
3.4384660989621203
3.436200670785653
3.433934203016456
3.4313296401121938
3.4298796329035284
3.4281889516985755
3.4264197763180335
3.4255317041433013
3.4238677310121073
3.357467846615319
3.3573298301377177
3.356023775608503
3.3538187588034853
3.3503239620282326
3.3456300831592696
3.3383379930227006
3.328926606199585
3.3213164526636456
3.316550704897308
3.313255925142088
3.3112775954343796
3.3091298423220925
3.307462276515815
3.3059543295949645
3.304355845923073
3.30337182808974
3.302518357681247
3.3015538157495734
3.30102163889196
3.3003262985346713
3.299670322876886
3.299341562529537
3.298917512701832
3.2984839381195097
3.298219824604929
3.2978617759810263
3.297472918661824
3.2971503458345537
3.296905777212128
3.2965799500499555
3.2962764115763985
3.2960926453764454
3.295864800333761
3.2956347683191822
3.295392973522626
3.2952497793070648
3.2950372436193645
3.2947716933881894
3.2945314720262147
3.294316513824927
3.2940655597474424
3.293805791523212
3.293612607144473
3.293430102849591
3.2932546889352903
3.2930478398861123
3.292829114932547
3.2926230868522333
3.2923916502856545
3.2921261476094648
3.291882017437291
3.29161037547208
3.291335141257753
3.291046371749034
3.2906886101316815
3.2903493144573694
3.290055778753156
3.2898852177566136
3.289674016537766
3.2894320359505818
3.28918550707702
3.2889035087971012
3.28857572681237
3.2882934883770307
3.2880396591398284
3.2877950722432217
3.287526752493191
3.2873471791943585
3.287127337348887
3.2869940340395916
3.2868383412865563
3.286699026962058
3.28656447201607
3.286460784266188
3.2863350158284343
3.2862306216008195
3.2861386818727345
3.2860392773564033
3.2859441778812166
3.285855145847283
3.2857632211701784
3.285641655923036
3.2855224882834877
3.285396503220122
3.28525698508413
3.2850882765815737
3.2849040362924695
3.2846943466425396
3.28442758314757
3.2833988199466972
3.283281834056313
3.283104506962721
3.2828179659837677
3.2823339747518725
3.2815911986340147
3.2806744417028604
3.2802778702106767
3.2797391370959392
3.279139069459067
3.278542828572791
3.277683187379802
3.2764282015190425
3.2757284758532137
3.2754100714678716
3.2748828378371213
3.2740153111397428
3.2727384855815798
3.2712528504338283
3.2703999945412177
3.2695636091147655
3.2688578721203454
3.2682506674725014
3.2676932892287853
3.267377936242863
3.2669874166098642
3.266640392933215
3.2662360325190614
3.2660365809960172
3.2657280925684606
3.265361589994134
3.265217194989839
3.2650513825461323
3.2648343597091767
3.2646807314829434
3.264561349513131
3.264436494476701
3.2643575382623133
3.2642694081475723
3.264188837283452
3.264138610259523
3.264078936666243
3.2640256910672814
3.2639665176567645
3.263906385177531
3.2638419701523977
3.263794648109201
3.2637374140526263
3.263689518284394
3.263642836585724
3.2635924430851104
3.263529752138968
3.263453326508573
3.263408764025796
3.263358159397087
3.2633226916753477
3.2632786340162268
3.2632231075286886
3.2631820624863175
3.2631394336087647
3.2631084136873616
3.26307088548924
3.263026479975591
3.262980234091501
3.2629311620287798
3.262905846112619
3.262886621400183
3.262860243882754
3.2628236636121466
3.2627827023465024
3.2627573431561254
3.2627251665975647
3.2626908315703074
3.2626482357489768
3.262598582901121
3.2625490357687155
3.262521515963476
3.2625076152997767
3.2624875474332065
3.262462778148291
3.2624453021662205
3.2624211358329394
3.2623837036444696
3.262335435612803
3.2623013646097516
3.262264699513552
3.2622375870287565
3.2622022379919593
3.2621647714757716
3.262127167695737
3.2621050815266033
3.262069664113875
3.262024779554082
3.262008746235431
3.2619822691114555
3.2619402398878217
3.261876328303737
3.261786373369012
3.261713295055947
3.2615872948879967
3.258325541994353
3.258274169461635
3.2578334006786926
3.2571746901918734
3.256298735496242
3.2552150974745824
3.254288344603083
3.253566567160428
3.2528266864390663
3.252314919304053
3.2515779104954166
3.2503000229041668
3.248204167558883
3.2473677317364182
3.246628211539853
3.2457452419256283
3.244537008531976
3.243275774456312
3.2424880597734713
3.2420124793579994
3.2415093055205935
3.2412136558938043
3.2408877765190605
3.2407073584761212
3.2404703722125747
3.240271805136809
3.2401931313028918
3.2400880089975095
3.239963761558219
3.2398704140111914
3.239763812752676
3.2396633780272905
3.239580764398812
3.23949890977695
3.2394408350811092
3.2393801760175025
3.2393428863940805
3.239305885457068
3.239270741279692
3.2392276838421625
3.2391676293205984
3.239119849207899
3.239080680384398
3.239056797900938
3.2390293166389386
3.239000685860332
3.238986789471821
3.2389656162090974
3.238940615657933
3.238919118367198
3.238898467897659
3.2388757878691035
3.238862773459468
3.238846079488307
3.2388268966084954
3.2388083030834474
3.2387833846497402
3.238751302495616
3.238725402338605
3.238705798825121
3.2386900891038275
3.238674881725159
3.238663085253396
3.2386490995052135
3.2386320620290414
3.238611244424405
3.238588438636854
3.2385692080543222
3.2385479360558516
3.238523992368121
3.2385001198658214
3.2384818006062828
3.2384619080069665
3.238443251608513
