672.1719856340976
548.3371464221117
473.7323639080479
374.7358672113313
310.24540069880277
272.39824352582025
255.3673813647593
241.59995170178195
229.41577127022654
224.95010221328147
220.60344474175236
217.52500551423503
213.18386493707396
209.50394332401666
205.29328219643574
203.85449856778027
201.65288580354863
197.87519865515725
191.9390351899575
186.87532970673738
184.56417785844462
182.5234808210388
179.95472463047906
176.63043835372798
172.7937244193288
169.80286011080838
168.68332394651708
166.87075188605718
163.80415670909392
159.46118789468932
157.63381967513823
156.74254819330187
155.2803315342738
153.43937854720386
152.3635663331802
150.57093532266396
149.022535344454
147.90928698779294
146.31745626734494
144.18730536376603
141.7118635151046
139.4653008007491
138.61571776040722
137.52800634371798
136.05717527921882
134.22768774364738
132.491605558668
130.55037178056818
128.71087643441172
127.22713016840115
125.98962255032524
124.39695601829122
122.5322737555664
120.2579143298799
118.84173306348717
117.5116407301549
115.94779241181908
113.8170306388344
111.59977406368026
109.54498544101276
107.59044116963301
105.95546493919028
104.01883607295747
101.9449961871802
100.69693411126659
99.64749403768806
98.08490632950014
96.469628504007
94.88917516296073
93.1513374561238
91.78723756565783
90.26842823824187
88.49014799355534
86.43892800269802
85.05881787018141
83.24780307185728
81.0491259330589
79.47322517095844
78.91512510918679
77.98873302711132
76.75188955284784
75.26746003897912
73.79924353977299
72.32985832563143
71.04297683443205
69.33943323825544
67.69093408742702
66.66386077388665
65.59637661451028
64.50178083412362
63.04964383593544
62.10418195667537
61.02177580141854
59.79553402214543
58.464532226448384
57.60154786665575
56.40280808329494
55.494143874084195
54.62535937407169
53.50195066072007
52.66852145078521
51.5843200172427
50.57102398733871
49.997139547003094
49.1888604427556
48.350880462783856
47.65089016906204
47.11998310234876
46.56502540107094
46.19188305409223
45.7144209081352
45.184836727440526
44.78991448488976
44.261426685715115
43.95011729480045
43.53922685387276
43.14597937485742
42.73878714133539
42.48649588463893
42.19453169283423
41.81097725034867
41.408086818769085
40.910558810663765
40.56780576116518
40.09342005110174
39.82271159140426
39.50122412906501
39.176690155606536
38.83912423619343
38.56815335305086
38.19970489208819
37.81458375845156
37.36003459232032
37.03810477030501
36.6993990761669
36.40488112269171
36.18368328406149
35.910909403075095
35.653714461959375
35.38352398868477
35.09217837060356
34.86472361262257
34.63833209946176
34.34596949667947
34.113755879701685
33.87845315582177
33.586594567343354
33.21132107818545
32.83762424164226
32.66019420605613
32.49847986277995
32.33145366092481
32.12130611814645
31.889968493231567
31.676791520234705
31.423319063139385
31.2220930003873
31.03201622690599
30.840229938760082
30.64714646723318
30.457068157432232
30.277917464421456
30.107253706396673
29.926875082497794
29.756907634905897
29.597701992926307
29.433495557023083
29.283039184497476
29.130881631447263
28.95315181545178
28.81103715737034
28.657804845315983
28.493682788082484
28.28628606163619
28.048678179890643
27.92895557910415
27.76956438163294
27.60349326639173
27.3951914721074
27.250243564178856
27.09807357408973
26.959088388316978
26.816359589485963
26.670402987807567
26.515500998987108
26.35720284750115
26.207080585012505
26.037920958106596
25.89544243158847
25.76406032138226
25.584252274117247
25.305713059366905
24.959991510021574
24.816948164849865
24.661479260969564
24.49048309091333
24.30711922132115
24.156065447986244
23.95862395230403
23.734107463261388
23.479963565101475
23.387266161191654
23.262441936858036
23.141039289594623
22.9536684755194
22.724036331883077
22.500133526814217
22.28876739972251
22.115458330965403
21.945328304779135
21.830013255097732
21.6836191121768
21.524443642040424
21.39005689555021
21.245525335794824
21.15617242326124
21.03419461902249
20.907251158908924
20.78370867640338
20.650211746754792
20.51695929358671
20.401736847062676
20.290972761682955
20.201931728622306
20.13165395724213
20.04322515522837
19.923396475753655
19.79534149596348
19.6561481031767
19.48498767089679
19.41653242879716
19.314937895501753
19.203735656658527
19.075148609010387
18.929398928649164
18.775679859769372
18.626351473250573
18.52654090555272
18.389566903453
18.290264806245062
18.239194254189805
18.154905279183843
18.02786503387724
17.877868082645602
17.71061466509275
17.598463029560495
17.46235826099145
17.32450201390611
17.192401997977804
17.052412023124027
16.952252863843988
16.828913109533545
16.70746571960312
16.605828685541198
16.47321889448447
16.366791195596818
16.245992091402876
16.156723811420335
16.035154354616914
15.884351977141973
15.764956362979007
15.673377282057778
15.563951404002738
15.459809662317362
15.394354131131319
15.306096128851694
15.172962304566415
15.093358662208537
15.023493001985223
14.952263222653112
14.87365789237183
14.789197721215093
14.71784898241692
14.64515140018878
14.562817706753389
14.503345864604178
14.444187418956119
14.37555701987307
14.310011396939883
14.240839015186223
14.181207435340584
14.136557010138363
14.077234975628475
14.025984662531823
13.966487129329582
13.900213234221617
13.818702010179468
13.701938904297188
13.578658412841907
13.529252000574015
13.470332445400581
13.403641981751584
13.34140319015738
13.272580515281453
13.186461919166561
13.09751121914918
13.02355236285788
13.017855310826548
12.971580741476714
12.901986678616813
12.828151689024619
12.739455640900362
12.638618051188901
12.511335664834697
12.36592646148736
12.34821254888659
12.317572154125884
12.272911260398867
12.221918350300779
12.166612131215686
12.103457869175315
12.06228897774802
12.015934290736162
11.967995460775835
11.93368402604247
11.888721937439733
11.859820824576476
11.828229643590813
11.797748350137233
11.766456653952929
11.729682924177226
11.706712199875202
11.684108509126116
11.679373670679606
11.671141740284018
11.657844642323711
11.639068349261406
11.61806533389634
11.59644273608647
11.578686727915725
11.559833415861451
11.542584993828331
11.52382695844514
11.507881099438222
11.495388119900648
11.47994013684874
11.472628698477731
11.46269714848657
11.451479609016786
11.439108252692877
11.426545171726339
11.416916669346948
11.405929711273735
11.394193397909838
11.383916834919901
11.375464792681495
11.365468143145666
11.35579632865429
11.345182741486324
11.33548399778217
11.325210936003378
11.313581288327102
11.304161840958203
11.295346700932143
11.286166783835997
11.275703847943584
11.269290154973746
11.261566725227375
11.255745845961567
11.248888494447314
11.24175166993244
11.233748058929173
11.228392969433438
11.221701250807321
11.2163442605842
11.211324206020713
11.204809794328767
11.198673094838238
11.192215007430507
11.186631710585484
11.180476181806107
11.1743665511169
11.167616953839982
11.161545304768683
11.155599294672998
11.148628470933534
11.141664315631735
11.133860176966728
11.127419601205517
11.12216754516453
11.116292425532565
11.111540443043591
11.106619820917459
11.101237437372607
11.096950297092656
11.092744080355853
11.087541459693373
11.082806449298605
11.077312219014086
11.070434852167343
11.06450941534749
11.060288307666054
11.056149177892408
11.051357269718576
11.045591425154878
11.039611179718559
11.03379898386023
11.028673907346576
11.022828339286999
11.01602697135879
11.0105199987593
11.005252783693205
10.999761239167805
10.995339707545153
10.990722660079129
10.986646800417304
10.981872367368517
10.976979012149581
10.972797083178698
10.96850507833031
10.963957699589738
10.958719350188403
10.953678192598904
10.947186474524758
10.941376522678603
10.936441273565146
10.931093435448188
10.924669151870638
10.918581013218454
10.910767056315063
10.901938601516111
10.894511339988185
10.885778213127768
10.878675261023606
10.872582579426652
10.865222811033767
10.857128724509781
10.849315994240321
10.838666119482436
10.82512531264614
10.81017248267011
10.420610158020072
10.419370530958515
10.409371808362465
10.393781999909347
10.371013885998853
10.344067088854704
10.313806700734773
10.28672052830207
10.254390313950719
10.22770360373636
10.199415372035325
10.175051487166602
10.149754520551209
10.120513774683769
10.087246091330375
10.063305884591692
10.035093566675101
9.998235179794982
9.958901795258132
9.915987933723747
9.89233423939311
9.857811748509254
9.811822326790235
9.77642200703767
9.731479806226627
9.68027362790032
9.640819495297585
9.58465315518257
9.526162761197028
9.466215438521498
9.40126770818286
9.343994074984078
9.282231258625501
9.22340920681911
9.166354770406334
9.115861157151972
9.05808706860974
8.985985981230602
8.953957799929771
8.906422312886232
8.850036560215138
8.787802786871335
8.722176034144121
8.655924850364398
8.611041988196593
8.557294252571982
8.514413740375582
8.47001036236216
8.42180227802603
8.37068354263237
8.319343445107938
8.25902605416217
8.206548396084997
8.164366432125496
8.116640343575162
8.066241936569735
8.028115385167109
7.979111975958857
7.922934616814563
7.869048078372245
7.824667126154027
7.781567300114109
7.731184829949028
7.702991875508189
7.663157941710689
7.614751913820916
7.557159541959033
7.490678500555765
7.433946606557959
7.382206089226694
7.332620684359602
7.2785077386024275
7.2493517890493635
7.215052390545705
7.176053056891827
7.135742554722872
7.115336610476457
7.090986105139805
7.065651548587196
7.030312962499929
6.995639079324356
6.962804518208128
6.912829002108063
6.618591845604798
6.607263580175598
6.5883587023951655
6.561025373915923
6.527763867605474
6.487730871365345
6.440048511065216
6.393593150987092
6.347154226599551
6.308090812540442
6.270743661793762
6.225959425749728
6.203963262232081
6.174397218369357
6.147966937196843
6.1249094403272935
6.099021884796139
6.0719205956126885
6.053800664404993
6.035697137140342
6.017598600813033
5.998752788723283
5.9759922165553405
5.966791599827728
5.952880116746589
5.933577724183618
5.914827707467287
5.904443891847794
5.891770818771708
5.877025929369336
5.8600399632137385
5.844715586286217
5.830981117892284
5.818070674231486
5.806014588089818
5.793356989043974
5.791256857263225
5.787846797605578
5.782429562566174
5.774625144254084
5.765066994631081
5.756404289967976
5.750538472319226
5.742636397345506
5.733971879539745
5.7269726874950555
5.719080053242424
5.7131112865754385
5.706238470722945
5.6988156232939335
5.696941223276198
5.6939013022287615
5.689532432567146
5.683312872031322
5.676773099201023
5.669549683840608
5.6641753920608515
5.659446759707933
5.653319926275634
5.646653597907523
5.642348931118273
5.63799591402515
5.634291099796162
5.630842396080347
5.627482086060858
5.62322973048161
5.618079436252435
5.6141846821862895
5.610638697026173
5.607442082498446
5.603887012530398
5.601521881138947
5.598122773166561
5.5958736655984
5.59287031478892
5.589588884703123
5.58579157573749
5.583530438146397
5.580285982516362
5.576852983508722
5.57504638140491
5.5726316029415575
5.569808578999732
5.568187442083277
5.5661050723488685
5.563730543533531
5.560977052104441
5.557934437974294
5.556281551170793
5.554229292879048
5.551782200136525
5.549905811085615
5.548451501366584
5.546452874716714
5.544729544795924
5.542625434757107
5.5402548225115265
5.538910339219116
5.537155032796934
5.535968007111398
5.534378301629863
5.533340685125403
5.531772447114998
5.530073646998117
5.528246016638301
5.527290287934271
5.526231032941119
5.524975529961868
5.52401705942612
5.523066191815403
5.522042632191797
5.5210510707683
5.519876611959608
5.51863916629407
5.517738276875547
5.516659793261278
5.515841999040934
5.515026600062587
5.5140468683925965
5.513134266994845
5.512385420681037
5.511553039386593
5.510875901607479
5.510118549332081
5.509392154650399
5.5085892966376155
5.508074065333215
5.5074663084787705
5.5067508289542735
5.506092041120992
5.505328642746325
5.504464832284921
5.504240201446568
5.5038731980807745
5.503336021890212
5.502632684311886
5.501957203411053
5.501151996933772
5.500664881079893
5.500197659447146
5.499660754300534
5.498967076692237
5.498492138660143
5.498056703732185
5.497482876598849
5.496787394860636
5.496196956626029
5.495585872353011
5.494968144810626
5.49442618940477
5.4941100207054205
5.4937031542628265
5.493259048632003
5.492962483392181
5.4925941932584275
5.49220817999419
5.491773965644413
5.491472291363239
5.491127180092763
5.490744663020337
5.490374754088279
5.490009052617445
5.489658395174953
5.48922927048302
5.488902435569332
5.488584126273562
5.488219007087071
5.487851582067097
5.487524490068578
5.487198235803252
5.486836341612165
5.486585459193785
5.48635993083502
5.48614406237712
5.485881074687454
5.485614453082139
5.4853820900400905
5.485166981968477
5.484865501920542
5.484531398482671
5.484293712620447
5.48401399570133
5.483763093128584
5.483504355642645
5.483201392113387
5.48306066378275
5.482857832333548
5.482558160916406
5.482297244555087
5.481987484415058
5.481629050531559
5.481386108253321
5.481119830655157
5.480823827626655
5.48051674420133
5.4802819463673185
5.480091919853736
5.479865862755307
5.479621360974816
5.479404781581159
5.479155991407863
5.478965410380904
5.478724521542319
5.478571902852354
5.478386745411074
5.478286886662795
5.4781560125671085
5.477980297869962
5.47783027289138
5.4776756300972345
5.477486426515954
5.477317381194423
5.477178838074778
5.477070348399483
5.4769515862490445
5.476801227819471
5.476664687312051
5.476533039588146
5.476427375646219
5.476316525040408
5.476196372960295
5.4760733111620326
5.475971168994738
5.475850319581858
5.475773274179383
5.475667619793512
5.47557515946581
5.475480313306356
5.4753700987279075
5.475315958326215
5.475237304841823
5.475147541457642
5.475045879736276
5.474958765512699
5.474857718341221
5.474763929621902
5.474680444107744
5.474579886296498
5.474490555001055
5.4744072728469835
5.474316227594823
5.4742571468112144
5.474181317950256
5.474121790673564
5.474056826917583
5.474001282349583
5.473940949585842
5.473872460582224
5.473794316396768
5.473711902736157
5.473649168172827
5.473577898242642
5.473496162265333
5.473415804911185
5.473342074305352
5.473287509309569
5.473228741283626
5.473175981415697
5.473113642683972
5.4730376119693425
5.472986455133993
5.472909771350191
5.472815751626037
5.472700651065374
5.472608886341183
5.472524442173251
5.472449204955307
5.472355953165553
5.472254400444621
5.472165272281959
5.472067035440984
5.471971444609101
5.47188862410618
5.471814668085386
5.471742567586958
5.471675823822379
5.471606087386771
5.471532682208093
5.471470963282705
5.471399907057664
5.471322554885265
5.471251473643149
5.4711716933075385
5.4711035118863105
5.471030200962932
5.470954570025939
5.470872776867955
5.47081139086804
5.470737027341379
5.470638540616552
5.470523306590162
5.470433308430959
5.47034447493757
5.470268130580001
5.4701589519530565
5.470048642011601
5.469917738875917
5.469826447279858
5.469729562798464
5.469634681081175
5.469543903105876
5.469452281447721
5.46936546156778
5.469283093352752
5.469192201297567
5.469081988576027
5.468968682715401
5.468863766103995
5.468727642370279
5.468602457713607
5.468504582337422
5.468368859788342
5.468238815327956
5.468157299230432
5.468049802578818
5.467941082798825
5.467833594417881
5.467702122921221
5.46756910559472
5.467427858763243
5.4672824779089275
5.467194733848968
5.467082604344493
5.466978916787734
5.466895657508868
5.466821763455557
5.4667419469808785
5.466676315575093
5.4665859136971005
5.4664688281393055
5.466361781238324
5.466276228930832
5.466198231398537
5.466123054130796
5.466040808860224
5.465948000202641
5.465871896588746
5.465783358069194
5.465720612165711
5.46562772825906
5.465504643596551
5.465358516072017
5.465314904018648
5.465242098106268
5.46513445987528
5.465003751796649
5.464902580885639
5.46481410355907
5.464733964820179
5.464661572156631
5.4645799624708555
5.46450736005535
5.464426640344946
5.464330575928527
5.464227987330167
5.464115348825345
5.463991908072934
5.463884650202216
5.463801141894393
5.463688106963333
5.463553783538149
5.463408491841528
5.463272592859824
5.463149084363176
5.462978516780489
5.462784083806989
5.462558677938345
5.462356842791836
5.462293292731797
5.462190572550927
5.46203638739922
5.46182778913209
5.461756161297226
5.461642614638018
5.461485129495838
5.4613197019519415
5.461176273612823
5.461060643165751
5.460963507555745
5.4608507219208295
5.460720886631595
5.460604295006838
5.460501268556557
5.460427754141973
5.460332610636779
5.460207495790538
5.460079501963454
5.459961997217018
5.4598682290158695
5.45974509543597
5.459602212068331
5.459432099471889
5.45931303564195
5.459173418982022
5.459005706274964
5.458820377492422
5.458663672726228
5.458524757965025
5.458373104413343
5.458235801826189
5.458076452866997
5.457944129255303
5.4577966657038655
5.457604454774718
5.4574279726943775
5.457235276247279
5.457022265242059
5.456849185362887
5.456713323988724
5.456555982927193
5.456385132149716
5.456207564264324
5.4559781671616925
5.4557355290854765
5.455471215826774
5.45520532650484
5.454916275501009
5.454603112727554
5.454277609461444
5.4539475705018265
5.453659864702745
5.453468929321216
5.453226080046308
5.452943858830524
5.452651980978741
5.4524570187535595
5.452229564195429
5.452008486047837
5.451738771073784
5.451492468035557
5.451232281320811
5.450938022605991
5.450885890593821
5.4507961565005685
5.450646223371819
5.4504362446359735
5.450231389692158
5.45003204184878
5.449915732547756
5.449776870666737
5.449612564554357
5.449439502174776
5.449228607702462
5.44910184112757
5.448946403766562
5.448754698066679
5.448528208805412
5.448299017125224
5.448053174342878
5.447698626145899
5.447158439226815
5.446389427206151
5.445504851326632
5.444804657362652
5.444147063664399
5.443410281745231
5.44250720956657
5.441856568818844
5.441317431536813
5.4410326863198275
5.44065218991776
5.440265028961162
5.440087389387312
5.439832492862396
5.439486686718224
5.438982160705212
5.438362836563158
5.437605420903919
5.436973186954872
5.436190803562967
5.435343074409533
5.434337959028349
5.433656490458171
5.4329408686730964
5.432310934648157
5.431629274858425
5.431084970072078
5.4305270661969285
5.429903175950005
5.429255291787529
5.428458861967794
5.4277062700226635
5.426945447124451
5.426242897616559
5.425827466358511
5.425427894128326
5.425029122528263
5.424666401119106
5.42449588046604
5.424280810469609
5.424049843298527
5.423852431011862
5.423679969415513
5.423518390030948
5.423364307680359
5.423189074633408
5.422997283036116
5.422862476279618
5.422702362338048
5.422554580401655
5.422380317037127
5.42219795299253
5.421964593459197
5.421695521496476
5.4214911943612165
5.421259056027496
5.421013886816177
5.4208650609589375
5.420728056961627
5.4205820810920775
5.4204569558530675
5.420320467991218
5.42022221556384
5.420099732621531
5.419966770677835
5.419863903788388
5.419763371038021
5.419672684569202
5.419559944684945
5.419443453713943
5.41934778287783
5.419226213396442
5.41907222871984
5.418877199093541
5.418670290572983
5.418383370658902
5.417980204326541
5.417634738655849
5.4173366336752595
5.416973726451589
5.41649736167199
5.415934500068094
5.415590974335878
5.415057537097916
5.414117435775158
5.413478998187603
5.413162830782564
5.4126623917041154
5.411982462336491
5.411083234249539
5.410498155452049
5.409709630948278
5.408812933366119
5.407747594726896
5.407220733736083
5.406702726170657
5.406265998775919
5.405872638904569
5.405694738756123
5.405545530502286
5.405400273058119
5.405260618164309
5.40510032616824
5.404903366218384
5.404711526832746
5.404531847647226
5.404363089713398
5.404219392763586
5.404085489006947
5.403964832405393
5.403869761989906
5.403756916272931
5.403605206709915
5.403438038504109
5.4032763461784
5.403118645177658
5.402924457947437
5.402605917203011
5.400536511015417
5.400314361174758
5.399916357243606
5.399261814651284
5.3983446995330455
5.39710211374385
5.396672147199867
5.396092928564655
5.395590034151818
5.395389334659336
5.395163396854189
5.395002682456824
5.39489334800876
5.394773781052741
5.394659890225444
5.394556823555546
5.394446559706065
5.394339070071426
5.394246807622693
5.394142132312853
5.394058764409007
5.393948598192585
5.393832770114651
5.393683058286371
5.393468429766948
5.393241685309311
5.3929209061881735
5.392444058049445
5.392096553090762
5.391696557537506
5.391089568526098
5.390230713100234
5.389404334836279
5.389023440233343
5.388671114916651
5.388247087993966
5.388064216848697
5.387833990606695
5.38770316849395
5.387561311178327
5.387496626848623
5.387409837610001
5.387323002226141
5.387244177057273
5.387175953480465
5.387113727899195
5.38703274178418
5.3869174171489025
5.386756543689612
5.386494974018099
5.385985077787305
5.385703915926949
5.385402219426721
5.384979542331547
5.384271142819484
5.383227277079284
5.381812366930246
5.380711218651413
5.379869486030737
5.378849515047104
5.377836578011582
5.37731171628076
5.376921340372745
5.376548865988566
5.376349508216659
5.376131507527353
5.375972055306637
5.375833274313315
5.375736668355555
5.375628580938299
5.375485526176722
5.3753526390906465
5.375284834221297
5.3751922578413875
5.375080425586265
5.374986454801387
5.374922195638428
5.37483903674303
5.374733885296978
5.37463446016193
5.374545342246295
5.374458593807358
5.374352688956361
5.374254657089026
5.3741624262536405
5.374058156344081
5.373943916879318
5.373823525831904
5.373759921857767
5.373671672451262
5.373558622587401
5.373460476216016
5.373361498490642
5.37325128610796
5.373124444928535
5.37299734413404
5.372875973783451
5.37276688502301
5.372666895730761
5.372546625211134
5.372405925253249
5.3722675136370235
5.372173256635485
5.372102989167336
5.372020248143885
5.371945740963657
5.371873835267436
5.371791528085151
5.371699643048567
5.371574529292992
5.371436179211489
5.371296755467405
5.371158108814836
5.371014078391923
5.370850598615771
5.370709211473468
5.370591734842259
5.370456916739317
5.370319938324657
5.370198735047018
5.370023950006962
5.3697911825284805
5.369465032109937
5.369282193389358
5.368618269907785
5.368329787300844
5.367892927951777
5.367464882427972
5.366863322298569
5.3659181912890235
5.364564049188614
5.3625096518141495
5.35955790755003
5.35805179937361
5.356204284444164
5.355215957353224
5.354145267437172
5.353504871445517
5.352603796170819
5.351085174174243
5.345441863221155
5.344288564383748
5.343466075950714
5.3422519181468
5.340488561163129
5.338184892888211
5.3359689813069195
5.334821048027306
5.333468328122915
5.332715381876903
5.332136587650217
5.3316674164928965
5.331218530936945
5.330843505285698
5.330592040065595
5.330262625018716
5.329846543110789
5.329329345782204
5.3288245285091485
5.328229004825185
5.327180657684776
5.3256335936215295
5.32494081253194
5.3237420412846355
5.321942205757937
5.319673297767587
5.3181330262517115
5.31693152966573
5.315119144536705
5.312912357085587
5.311553312497751
5.310639475049796
5.309662701212417
5.308952443124982
5.308523772997763
5.308211155092321
5.307899996609837
5.3077045240328395
5.307501045929374
5.307356076916782
5.307199741208009
5.307054697850485
5.306887065263851
5.306697025392221
5.3065244283506345
5.30638594208866
5.306228451254222
5.306098360245502
5.305970502583647
5.305811747777256
5.305634268462546
5.305441645647488
5.305227180630603
5.305012276762964
5.304903702309357
5.304740108946765
5.304538987375916
5.304326489246405
5.3042042262881175
5.304088839602155
5.303953572074884
5.303842747705929
5.303769913902341
5.303683468701623
5.303579036180778
5.303496567958458
5.30339539695091
5.3032895616004
5.30317536058503
5.303037918491822
5.302896250130834
5.302757828552437
5.302646033536142
5.3025002196642355
5.302328101152647
5.302208371970171
5.302064686787157
5.301910611814211
5.301773829032999
5.301636128073701
5.301537634198295
5.301419680042496
5.301286537970678
5.30117756751891
5.301091038347392
5.30096753750084
5.300813871932485
5.300665359141082
5.3005780978452535
5.300472728391982
5.300366784813553
5.30028004315616
5.300194786013339
5.3001084592275145
5.300008379604629
5.29989430439452
5.299794533517757
5.2996751533913855
5.299559409275686
5.299416264207688
5.299258528015426
5.299116318627835
5.2990149959643835
5.298921960539106
5.298806153480575
5.29870313050088
5.29856854564301
5.298430347916627
5.2982715402156355
5.298203510631785
5.298095031511637
5.2979358712038715
5.297743427837443
5.297605673225105
5.297445922814928
5.297280457252124
5.297066207795641
5.296815813191142
5.296645815479435
5.296465939061892
5.296285438540531
5.296119017085617
5.295957651561169
5.295748328050765
5.295468433148782
5.295199307698775
5.295082513965215
5.294931846984262
5.294709932702189
5.294509769778896
5.294355567095327
5.29419239856347
5.294076338044373
5.293944862956076
5.293846539287779
5.293750783749307
5.29365281253407
5.293550856922168
5.29344599169891
5.293329715445005
5.293203281204562
5.293077260274086
5.292964035050181
5.292837550661451
5.292674155337274
5.292510325126456
5.292350802510355
5.292206791514638
5.292074067219467
5.291958766519532
5.291824217941018
5.291670992790365
5.291512738941851
5.291338359803394
5.291164205119279
5.290985488181262
5.2908322632899845
5.290660029829864
5.290493310857244
5.290323783695925
5.290222405490811
5.290073702921989
5.289888369895856
5.289735573733335
5.2895632529492715
5.289448571644739
5.289282164861277
5.289072941057322
5.288914220360322
5.288767092169129
5.288613392688229
5.288468830116273
5.288294723245658
5.288157563473826
5.287985066338966
5.287809371378719
5.287682279689085
5.28752899144186
5.287342425127854
5.287122125692658
5.286938115556647
5.286737485530262
5.2865599749448045
5.286344143572676
5.286153687733143
5.285951671950473
5.285728062085404
5.285514517631539
5.28530960361746
5.285141749064895
5.284934185474269
5.284761561422704
5.284545410046081
5.284339393120206
5.284165464876292
5.284013736946779
5.283892993126404
5.283731509850716
5.283512617857525
5.283276818355497
5.283123283391674
5.2829013506035665
5.282617640175334
5.282412586544725
5.282234801524579
5.282049351791311
5.281897966083022
5.281752598163154
5.2815689821034635
5.281379438847701
5.2811698495640504
5.281007244543341
5.280837480854413
5.28071718612881
5.280583287490971
5.280457419155962
5.280295179132549
5.280107727608396
5.279888949260462
5.279714415833883
5.279517029250776
5.279342426590942
5.279134325137781
5.278981551315869
5.2788016034180565
5.278602046898247
5.278370100431145
5.278217895448227
5.278001525197879
5.277804636727406
5.277645514739387
5.277508943882151
5.2773443620574785
5.277156210768452
5.276925845646394
5.276679863073921
5.276619777686956
5.276511523242125
5.276331274167701
5.276063554681178
5.275803009653476
5.275592231873198
5.275357789192833
5.275089520936953
5.274804096758434
5.274505972447093
5.2743234078416945
5.274124534638466
5.273952691785881
5.273786959443424
5.273607013480923
5.273400488365276
5.273185011503515
5.27295003412255
5.272789593030401
5.272617289895258
5.272422473504356
5.272285966131822
5.272148574837267
5.272020506777549
5.2718770994029
5.271734085917355
5.271603617046406
5.271438918584346
5.271247158934704
5.271093093724633
5.270928038103582
5.270778526893553
5.270638767211485
5.270504105998558
5.2703975697112995
5.2702599780755985
5.2701004446258795
5.270004579297803
5.269865557982286
5.269665991081619
5.269395562783582
5.269225953450235
