593.1292811741264
477.25875876272073
371.5039567989447
321.7680168464464
273.72394429381836
252.41029662903895
237.25959294530662
232.25128076785313
226.16571867297375
219.7504631469289
216.0002015073751
210.25027339718883
206.2308787230392
200.8424462617121
198.84208370611577
195.66890117532932
192.17601945476267
188.20340513895735
183.04407875986215
180.26374277819673
176.91034159914508
174.45713440690747
171.09243497307793
169.7839982416669
167.6247640700169
164.44341469404162
161.26308591034268
159.75871606823108
158.46965286543838
156.81988479024398
154.7878356705856
152.35853986633327
150.56539641401233
149.27150613524194
148.1432533142754
147.02873660440932
145.43342247910243
143.35522959031553
141.85555349432298
140.2128595514406
139.17025595683322
137.58665470798115
136.32026206160202
134.77997482898724
133.65593974447162
132.1969132834153
130.47761182790063
129.0141925043368
128.00141804928825
126.74200784507373
125.52088982908786
123.78029273324609
121.74374597080723
120.1434981422286
118.5311820994307
117.74104914417438
116.5515739484464
114.90574998508404
113.71714970329575
112.36355002413535
110.89933556500503
109.06454084548909
107.07666336631114
106.19069417177482
104.98268293143855
103.51121183173484
101.7285608267328
99.87050122776752
98.19017996878553
96.75668043276488
95.7108436848122
94.41000339307729
92.9113612751253
91.53338414501539
90.34045585741929
88.94308037506528
87.59555307903982
86.03574929698813
84.37470808590805
82.88773311890901
81.78121704934459
80.6031723236514
79.36987815806381
78.02923275145565
76.43997836070092
75.69844768328342
74.56297154750123
73.17857810695426
71.64462036876691
70.2232025212588
69.46363415570197
68.7271041565372
67.65052407262591
66.41648532448835
65.30703415287738
64.24224813594788
62.93052824807365
62.08339079951414
60.93896691281385
60.14516241649628
59.09680651642677
57.997141937401665
57.04951762085905
56.44593220007728
55.58593332125029
54.66237578691808
53.55427756655076
52.6437033295794
51.73452818615591
50.77453236021323
49.919060188126764
49.27145011715781
48.51785479495233
47.68864240451461
46.788243123647405
46.21501133418265
45.57025281128902
45.04648169968204
44.44854017272546
43.76218903301812
43.02444559498836
42.52070271425521
41.90523581083159
41.487300020421074
41.023776328312024
40.441599554482615
40.13644905849077
39.69663004350069
39.17827777452642
38.63688797845223
38.04472035115925
37.56203062320684
37.151098663545675
36.64857954483038
36.253585999786594
35.7276568852145
35.49156801671644
35.144794571217986
34.68785670652917
34.22040446008126
33.86566251676825
33.47669506722616
33.06890075007459
32.761994094815094
32.41396521956521
32.014648421367596
31.563762668767147
31.19757546411045
30.772460114928595
30.298378308309555
29.921622372960222
29.420646884326423
29.061297522310973
28.617007119706393
28.191183072049295
27.9238991583217
27.67193512149546
27.35542823992245
26.969348794969413
26.6103905642738
26.342061338140113
26.100591961761936
25.809783264639208
25.600747073893412
25.3567418489053
25.06959255218647
24.85707059220068
24.629834033352175
24.414597191819325
24.184964842268492
23.969415980171906
23.812633386901126
23.61077176200852
23.400221157947307
23.193357752708675
23.03902156193855
22.863214385428833
22.73831904398627
22.602643675224222
22.44656881158791
22.31596113417244
22.186815467264182
22.053278564292725
21.919956229440977
21.7800442090013
21.651556419845384
21.52435393376532
21.411997852676276
21.27688876048684
21.169700968720882
21.076993426628377
20.988461051144093
20.88859090626037
20.792204828212228
20.70247277473929
20.59044441580675
20.508921371387046
20.42443312870803
20.33778120488997
20.267116795591168
20.198866999198998
20.109817327770887
20.024667444236567
19.925564694562894
19.826841458890012
19.711729893265215
19.600244922592697
19.58903863911792
19.568192523630785
19.531775915659935
19.473960871355363
19.39747353689796
19.32443174186674
19.228369414326032
19.13992187820158
19.07370602606366
19.01455972878012
18.95292940019727
18.892704254802474
18.826660747114154
18.747473613365848
18.70315303421187
18.64822601047083
18.587354985820156
18.548767866105237
18.506430379332528
18.467402854338303
18.420548471182514
18.371498565628052
18.341872093944414
18.30577313184616
18.26946548021626
18.230905242680784
18.184516827757804
18.142569002174746
18.103678405915332
18.06149653976392
18.020228102055633
17.970851966688837
17.91435428116018
17.85360729151251
17.80908972961339
17.779701146353496
17.762801271772588
17.740438827871724
17.711656357172725
17.680078801822596
17.639652010116116
17.604373129412828
17.56225691808715
17.542720730322575
17.51606914451692
17.487356872748077
17.462280326781816
17.43873472791435
17.413744606668054
17.384993550782625
17.376891083263878
17.363587420304505
17.34640144640082
17.326538128025206
17.303603276670632
17.286435105133336
17.269945508106815
17.256686883661075
17.241109542867232
17.225922460027867
17.210411848924103
17.194145148851348
17.18121886572608
17.170194449277485
17.15889035994686
17.145886835125317
17.134441820680482
17.12222104013501
17.110191078581032
17.097811933545422
17.08594049583826
17.073748855453406
17.059821554517555
17.047934674340386
17.03766698277181
17.02967691507044
17.021242673951406
17.010385860382513
16.99980235261139
16.989469832403806
16.980549221390213
16.97006737065994
16.958609204598048
16.946318618400383
16.938196587118323
16.927293326456656
16.915622747674888
16.903667659081677
16.893841174947177
16.883064180134873
16.872827878315498
16.862124894290673
16.853535464594493
16.843368148503558
16.83210484995555
16.823608110916222
16.814349332906964
16.804559359495578
16.794324284489356
16.785971430178694
16.77750490507824
16.767338414422035
16.757437269683777
16.74668651505716
16.733617879435833
16.722553035697352
16.710923943378397
16.696753265522023
16.67940798631905
16.668805924459793
16.657075361867335
16.64419500407924
16.634367010923796
16.623848579380017
16.61418431924411
16.601559360260975
16.589044590383683
16.57609803168483
16.56516750171053
16.55456789238643
16.54644864908954
16.535509937660148
16.528028060133302
16.519111144398384
16.509399271310222
16.498105223194194
16.486106102352778
16.472971930531163
16.462830349770016
16.453604876765482
16.443567576431416
16.432841096123948
16.42210915288277
16.410179932013087
16.399521334211734
16.391272522630093
16.38187170325673
16.369767647824574
16.359786656610837
16.347082812958313
16.33486880727168
16.323363863780436
16.308579880553477
16.29418456566296
16.281534899447557
16.266914332705788
16.253566339802493
16.24141142196531
16.226706403816458
16.210964855554707
16.196627208779255
16.18339935607444
16.169891714143574
16.157464055090724
16.14380661741061
16.132863974746865
16.12140547918909
16.10940882605486
16.09614428476079
16.083031706529688
16.070665228851887
16.057973175472796
16.04461821574538
16.029081198172985
16.01490254815251
16.000510751018382
15.984982438817301
15.976679901964195
15.96576393001548
15.955226980351366
15.94098794469949
15.922895840212874
15.907793698375514
15.891742143755838
15.873217101149027
15.854474192586729
15.837846996680966
15.820666460054763
15.807174362369508
15.788344811778114
15.771472022998612
15.754472147523966
15.73647333203806
15.716200776619164
15.691438170646991
15.654402798172946
15.58788348248587
15.541707782821625
15.531863734604205
15.518952993518461
15.501904723509632
15.480435122780772
15.457857972657209
15.431166521197131
15.40353288918795
15.371758939341577
15.34338496942516
15.308016685093008
15.276991558195181
15.248410955595025
15.216982984158358
15.180169487413476
15.142677641594883
15.104058757835597
15.062398450248441
15.007228628475701
14.952453124416277
14.892379595661037
14.837252230412547
14.803182081989977
14.758117189569377
14.71264895164938
14.668486828826124
14.616328848514684
14.582470136850965
14.543673582084885
14.502372561529949
14.457556517841148
14.425319267841529
14.400389744629585
14.37439516611538
14.346815476934339
14.322424651117666
14.303201427389693
14.28504509236522
14.267177337875342
14.246620400975548
14.225723853901773
14.206923016321236
14.186851621422473
14.169262704288885
14.157661977901856
14.143529708546238
14.129979111933977
14.11648748637923
14.105000350630615
14.093086070086711
14.080546902473932
14.069104406145174
14.057488229810568
14.04362900402867
14.029098953524556
14.013635254069271
14.002200021107543
13.988713226802858
13.975881064216505
13.960393733408093
13.94433046462249
13.92722343170364
13.907630458447825
13.885083517780945
13.866606057944061
13.848620244988446
13.829318344465264
13.807924244770163
13.779950387864057
13.757052429633948
13.73489550272606
13.726755806623235
13.714393627941206
13.695635263961384
13.671067975319557
13.639572089263728
13.603288469080587
13.573169025947474
13.546765956959195
13.51500707712525
13.485894201587396
13.458898154504595
13.43378858678515
13.40452638102391
13.36881979564465
13.33428762514378
13.292304308414227
13.226770666315602
13.142000471385423
13.107372933235958
13.070739045746993
13.026697440321737
12.992042104477495
12.95496247417676
12.914201687102619
12.865559183067884
12.799546819726494
12.726726391125958
12.67624876009023
12.61512404968979
12.55508324298226
12.487899159597228
12.44900446059103
12.410472040306885
12.362497691157108
12.306288854342544
12.271751821278583
12.231828587814286
12.182213243088658
12.126243778380664
12.0825901911346
12.030302796020393
11.96855191441402
11.916977153024098
11.862654256369819
11.806805217039209
11.749863886385043
11.70388550547834
11.651133051263967
11.612114207750055
11.566930846545322
11.522219737660741
11.474765611334824
11.43076538756383
11.38554997583055
11.33810146112365
11.29002533459469
11.250866423282254
11.217923409184491
11.198630939048197
11.172868930122489
11.144922430825149
11.109227567901597
11.072796493661698
11.037268036139208
11.003498749365171
10.971407405527502
10.935898238393214
10.899277398945426
10.861489304019145
10.831838054085118
10.799526987493518
10.756818952169002
10.723666087284995
10.684787681428777
10.647503254855003
10.617668874437392
10.58851931538506
10.55979600257547
10.53023951222505
10.506015070825358
10.478598863557199
10.451564662448305
10.424418835936287
10.400841916340312
10.382640705002643
10.360067026252402
10.332017271631624
10.302989484847672
10.27306048071912
10.243442849851423
10.214459709111608
10.178177202709003
10.145307402777984
10.108872262826555
10.073074454786598
10.049399361879466
10.018596349189911
9.982157890051337
9.946561078127088
9.913947191229934
9.88926654444283
9.85856912483408
9.829402341861421
9.80534046227928
9.777882545688133
9.750236423163326
9.727382013049269
9.69893019333243
9.679308144705363
9.655689121783446
9.632133436615478
9.616369431864964
9.596244538122964
9.579957944462958
9.56235080151159
9.54344230823558
9.528869549847293
9.509656740805873
9.491440343502731
9.472769551151734
9.454566017455267
9.43846034977294
9.422341125068357
9.407777905520101
9.39196687669578
9.38231017735344
9.370107677204388
9.356871432185349
9.349283909163187
9.339917856045474
9.33064811378933
9.320998661443783
9.310688312388955
9.300138720285485
9.290710881277587
9.279917655890898
9.270424558944752
9.260250386612968
9.248613958229214
9.236575651910258
9.22550966878657
9.21504251285625
9.204971846471302
9.194941620061652
9.186219487942587
9.17735164496808
9.16799826042983
9.15812770333116
9.150736914561318
9.141106378829939
9.131001968628087
9.122056775784616
9.111450309024121
9.103851937762403
9.094653096543183
9.084993872803851
9.078627980838473
9.071516938702377
9.064195902628589
9.05426629472684
9.04487495737938
9.037290983614197
9.032039504682627
9.025958211045838
9.018502468693391
9.011495642946171
9.004223633598173
8.997296363168555
8.989558255046198
8.982281058650695
8.975478982594698
8.969666478484632
8.963711872274715
8.957874806799746
8.952630952675731
8.946875163443284
8.94125825438679
8.93668420040526
8.931098545043369
8.925442099203634
8.919965294869804
8.914610214141
8.910237658817952
8.905024316022432
8.900959267302744
8.896651028763166
8.892127523788936
8.887795579075537
8.883818306349546
8.87977894774021
8.875360237587634
8.870422725274627
8.865470981072082
8.862296141225652
8.85855425272498
8.854097325815163
8.850211933417757
8.84651985072311
8.843603817267933
8.839764837856748
8.8365107894299
8.833735628341358
8.830394959442758
8.826467912496934
8.823499644285913
8.820125682150142
8.816464409407628
8.813823785831154
8.81096802736981
8.807556858096067
8.803858761017173
8.800763941371867
8.797470469471097
8.794124013718122
8.791077068844167
8.787639017625157
8.784444543876045
8.781616603998252
8.778585374246845
8.776826759592492
8.774350173009095
8.771787921602737
8.768545721607795
8.765448179467718
8.761748663585113
8.75940739777541
8.756385409405302
8.75314260369135
8.74972653863105
8.746721735273812
8.743735358219421
8.741382668530612
8.738429701902323
8.736071046906066
8.733526264449267
8.730762804787162
8.728270983686182
8.725936263188594
8.723600974250568
8.721107561789868
8.718478970672463
8.715937292307135
8.713203064269964
8.710444777263149
8.708025430614343
8.705959684368041
8.70351433504071
8.700656748491685
8.697857732253555
8.696665258625004
8.694856787270371
8.692779271664525
8.690874124615116
8.688714841108977
8.686701332754307
8.684295937524244
8.682531341638086
8.68050931363934
8.67829620460509
8.67612484940367
8.673901330541524
8.672053574167466
8.670105490245593
8.667873031630108
8.665167999693185
8.66294936315149
8.660597704982687
8.658529543892795
8.656150810110748
8.653382195152387
8.65102150444956
8.648321595517807
8.645328905754061
8.64249820336393
8.640595914920562
8.638683095631148
8.636509220195164
8.633829654759825
8.631660234553964
8.629034765642263
8.62624293268015
8.623719601479259
8.621458562004541
8.618748826886147
8.616549429190872
8.614221368012512
8.611815276019136
8.608970382326085
8.607716501508415
8.605934072511417
8.60360074636557
8.60127627687174
8.599004192354014
8.596035681889193
8.593211629734498
8.590569169067104
8.587650645632547
8.58535008127015
8.582595462096773
8.579858000160243
8.577239834267829
8.574239647078148
8.570636727277947
8.566986711782194
8.563066605354468
8.559135643238408
8.556231524158868
8.552513192776075
8.548849051793553
8.544592290166753
8.539790245450657
8.534764147981974
8.531020659743735
8.527065071811474
8.52192755649227
8.516169043204922
8.510614833458412
8.504290122747873
8.500807657075576
8.496243145496978
8.490230318104398
8.483897053356223
8.476994003284297
8.470864351466936
8.464113810618084
8.457722037519291
8.450988134150661
8.446633458388629
8.440267915759181
8.431696598451277
8.423206322216092
8.41303161351615
8.403905530237513
8.395522979210197
8.388296053718253
8.380784102850209
8.370377709080788
8.357755702437721
8.349039131861764
8.339549040701549
8.327347118151051
8.314406395645602
8.308473747159923
8.299321479355816
8.289582874267804
8.277106895483065
8.261198670664855
8.242663138924726
8.222402848289423
8.206754602670042
8.190757048592516
8.18053118107174
8.167705183599466
8.15497950807913
8.140056837356934
8.123900237739694
8.1114843399001
8.095876353586634
8.078177688586974
8.059291863926326
8.04318998014935
8.027480438079579
8.013322696326773
8.00086116133074
7.988465892316068
7.97658694991912
7.965650519582342
7.95255839923108
7.940021514556923
7.925513807685586
7.9119220304004445
7.895150389185395
7.876304146672327
7.854691211170562
7.839329607660182
7.825531832285776
7.81093333818407
7.7941962577644
7.777552402716209
7.76033083719991
7.742979025044566
7.727437854136342
7.70970489065376
7.694318668901282
7.6795713709725
7.664583203492976
7.648070020010196
7.630109613761828
7.6141230616216165
7.599928208252906
7.58267207857158
7.562826742606241
7.540890763170973
7.518056818084126
7.514792354159682
7.509175603145013
7.500460911454759
7.487655052984254
7.469804927560266
7.445488714798114
7.424392398734739
7.404448972104414
7.381468104089612
7.356493999134839
7.332548874812593
7.312184020171668
7.296358875929401
7.278458942879504
7.260703172778509
7.248080304398144
7.231617270957155
7.215108792264357
7.207062505516044
7.196107707040747
7.180956823129318
7.163545721603239
7.144236978558563
7.124353071395669
7.110429950429175
7.095069313616898
7.082058703873008
7.069065758865394
7.053928806915563
7.037514652437885
7.0236173457510205
7.008323797354154
6.99150949639623
6.974833044808433
6.9558660756614685
6.930702830363181
6.904820042925277
6.882438045365121
6.87355586874287
6.862672755822168
6.851392979174327
6.835953049363475
6.813141306339594
6.790364970898668
6.765076685262886
6.744175919603846
6.718316176397677
6.69416425532518
6.681305039930158
6.665092126607104
6.649657512190122
6.638153078411367
6.627370048872907
6.6143113274699274
6.604673062916403
6.593208449292004
6.5850543119808895
6.5758784701366535
6.564964026460854
6.553111171718441
6.543917815591856
6.535093793716312
6.524445238528488
6.513386606352842
6.502024885977491
6.4954076636340785
6.486589156018475
6.4747950331505155
6.46204829197834
6.450937134841134
6.4384661081584635
6.429183232535659
6.420960014503399
6.411541912884871
6.401632053186721
6.390046240815211
6.37924834870792
6.370995631087388
6.3623490194891765
6.354554543977281
6.348109818421785
6.341921251525761
6.333899057497302
6.324761420687096
6.316246846307186
6.306222340348089
6.299655632270245
6.292337468999299
6.284976710258514
6.27790935430603
6.269819816777635
6.261232942102663
6.254999489682839
6.248871213455009
6.243100305524212
6.236870228083619
6.23005385193967
6.22357698205461
6.217323251967752
6.210430290021013
6.204275341303258
6.197652294696448
6.189650601929534
6.184212382806155
6.179247151461363
6.172805670203546
6.167134678186798
6.162089748103291
6.155139107654215
6.150482776160922
6.144000831690233
6.138104488244725
6.133641151342865
6.127348875895474
6.121255584323626
6.115294466339759
6.109656158386274
6.104943977000268
6.100113311406494
6.095492921749916
6.091292389270775
6.08683450178511
6.08274968849041
6.078427505955592
6.076087303916541
6.072705683488086
6.0694501282399616
6.065269487065818
6.06160849875709
6.057700323002734
6.054572563914993
6.051436466627017
6.048639110732475
6.045964688832482
6.042723221098795
6.039296032248308
6.036487360833355
6.034033021172194
6.031561244569263
6.028985036486404
6.025956387184468
6.022780746213979
6.019525660813722
6.016454633730639
6.015015464682538
6.012824562088063
6.01017711925483
6.007740646208067
6.005166518573553
6.002493045802758
5.999891666914086
5.997721290382081
5.995274201565767
5.992688384228191
5.990135197598411
5.988226270203486
5.9858701278032385
5.983774716013381
5.981623080421707
5.980491441287784
5.978903497597418
5.977017524050063
5.975214175746656
5.973475748069376
5.971290683199236
5.968713972646244
5.965985153512296
5.963926786717071
5.962622349418439
5.9611328152422995
5.959224713983332
5.957378235571953
5.955871271994836
5.953979169571252
5.951977299925447
5.949706690984003
5.947770833857111
5.946031953757631
5.9442516300053345
5.942395817265272
5.940399153606224
5.938773512755607
5.937250084886713
5.936048283957627
5.934697432000283
5.933041378315709
5.931752794002113
5.93041990312131
5.929062640610626
5.9281111406808495
5.926965962808466
5.925880760532592
5.924887036282598
5.923998253837792
5.9230219838823706
5.9218257233691745
5.920864197200276
5.919713617150893
5.918399705136403
5.917239109881438
5.915806907256006
5.914795210406024
5.913697591565572
5.912507364531382
5.911627083995893
5.91068718255271
5.909548206159115
5.908519232598678
5.907653207589018
5.906627415045012
5.905577035921543
5.904766061200636
5.903874911259438
5.903249380648909
5.902482495020436
5.901669578389707
5.900806704796061
5.9000161471747035
5.899311979027022
5.8984050701484385
5.89765014898252
5.89684010409393
5.896043716535143
5.895291868538376
5.8948807553426334
5.894297436457019
5.893580660485762
5.892735692449847
5.892110870692379
5.891426999498748
5.890679753384827
5.889818049721234
5.888992537682419
5.888354450181865
5.887624363849675
5.8868514440661315
5.886275935372358
5.885622802603576
5.884952209081171
5.884295315081266
5.883636785932161
5.882931920840846
5.882202108537018
5.8816466283215725
5.880929471160453
5.880022993117796
5.8794636624937695
5.878694788712093
5.877864355213436
5.876984686348811
5.876384055608364
5.875686143636124
5.874969506524696
5.874340820865768
5.873660203381233
5.873029322772478
5.872444225677197
5.871822302303158
5.871221783742337
5.870509577092551
5.869713415781714
5.869221215092013
5.868572194739763
5.867818716371048
5.866958728635962
5.866178610342324
5.865462532341327
5.864713887185125
5.864222191494674
5.863668999008169
5.863080266068575
5.862385528786731
5.86173151465439
5.860924308131107
5.859957982165499
5.858965498653527
5.8578981077380385
5.856963668027405
5.855940440202421
5.854960178939271
5.854042369920331
5.853282173339659
5.852602658835943
5.851616986228867
5.850507718965712
5.849259434706747
5.848866517393603
5.848281595610901
5.84754240068813
5.846820135026899
5.846061213863308
5.845276438378852
5.844720808863563
5.84401091040194
5.843169272351417
5.842410284858636
5.8414627807242425
5.840740680664446
5.839773592157295
5.838493300666556
5.836814665382029
5.834647459178816
5.83255323434658
5.831084921213114
5.829257072401068
5.8266150775215095
5.823797720559179
5.821288002090071
5.81810908513667
5.814544499859835
5.811878612591847
5.808846029697518
5.806333757299168
5.8033415195411
5.800493277727516
5.797401982887538
5.793826339040985
5.791010201698003
5.788140156456876
5.7849448677772415
5.782037200000519
5.778481622478178
5.773972155265836
5.768542497172076
5.7620792412513335
5.757571308425202
5.750778302056954
5.7479872938633525
5.743437993226827
5.736949213216681
5.730862185138701
5.723288652956024
5.7139457335249455
5.704757248182025
5.694140784956794
5.684259097826079
5.6762811535833855
5.66952370006191
5.661870532411467
5.654886027805576
5.647422769638167
5.638619807000139
5.631661756541169
5.625129547200443
5.618605990130092
5.610547099332726
5.603712269427616
5.596519755934812
5.589500607548061
5.583112414893039
5.577388418318348
5.572517444966534
5.567409183412121
5.562424488108933
5.555569368953396
5.549546599079739
5.545144401216901
5.540085367074374
5.537152078799722
5.533938615718401
5.530122987438784
5.525412965866616
5.5209107769707675
5.516994857945697
5.514463336607371
5.5115548636046
5.508401790711396
5.50478424262452
5.501292371753286
5.497631610531576
5.49408901964642
5.491916864751172
5.489847611957661
5.487536912259925
5.485143554464722
5.482495309894354
5.4795548731460855
5.4762517814334455
5.471944454165598
5.464356191551346
5.4519406601977645
5.447489495864485
5.4425876178369545
5.43722495264462
5.43021299856902
5.420784537312127
5.408091162391721
5.393765479817814
5.379821013999907
5.36127234917479
5.343342693252314
5.333710503201274
5.322690064208105
5.31092034999553
5.304750123430107
5.296498784777672
5.291981649231248
5.286956165126471
5.281547702462963
5.2764141955806565
5.271980832406729
5.267067216799424
5.261544044148767
5.254750862354825
5.245083023362234
5.22705902545521
5.192889133510389
5.186050822660157
5.182908150927595
5.177371137819668
5.167920257872922
5.15103455356948
5.124811813524264
5.1102946556853865
5.096940691023409
5.079483214248599
5.0619154971976545
5.0425517795957155
5.020306474982099
5.0003471429791695
4.983719287701809
4.9644059411974215
4.9503396205987915
4.937850839771037
4.926100419607437
4.913542133576552
4.901781086239007
4.889460865431792
4.875482262146049
4.8609011797295345
4.836401897599741
4.797399242475298
4.779088076888844
4.762906632495511
4.740473387707295
4.721063041816663
4.69889468801942
4.6775981677852245
4.656856709533032
4.637733070502625
4.607347651001698
4.562847525460528
4.518736764462687
4.497224740322774
4.4692735267650505
4.442548602173214
4.426574876939609
4.404696544431445
4.385696477839039
4.3710083587080115
4.357817180996852
4.346120362812259
4.337603263632376
4.327676540609707
4.317298992015239
4.305101669596146
4.298652757441365
4.2898162086311356
4.280181004607479
4.268785991376324
4.257036651196109
4.247016701363616
4.235644363848186
4.2248047135471465
4.215400171237016
4.205620260233607
4.200805941444841
4.198691819999922
4.194810473449329
4.188517475467979
4.179217223577079
4.171328558089225
4.162030199706626
4.15357576749301
4.146992316842455
4.143950297933963
4.139693188528824
4.135209919766463
4.1309891233008535
4.125631266504197
4.121044514724952
4.117280937842021
4.112410246928234
4.108161597482781
4.103979602227902
4.101904454220414
4.099079877962156
4.096275223848296
4.092875262449299
4.088817793011681
4.085348354905343
4.08246473556736
4.080154221410631
4.0779770993819895
4.076220353323499
4.07420901630607
4.072110841569277
4.0698575597637205
4.067304934637193
4.065435171685506
4.063709810581187
4.061662223126053
4.06020698132309
4.058527500423754
4.056971843300875
4.055342177101675
4.054020644018873
4.052405249429086
4.050430822473444
4.0486612933347255
4.0472853072602355
4.0455614879421
4.043986401693896
4.042677422303343
4.041045556848932
4.039278440700471
4.038109557207804
4.036683056500898
4.035818787662963
4.034701186383853
4.033819785121003
4.032676250348679
4.0317355240566055
4.030595095461257
4.029521383436151
4.028760185892887
4.027973960203873
4.027092122336511
4.0260335277059145
4.024979475252572
4.0243179655070636
4.023538813809794
4.022778924863979
4.021949785245919
4.021180909096577
4.0204691499511
4.019898615223335
4.019233376385678
4.018577611555537
4.017921654424711
4.017259913541295
4.016845238669039
4.01644554059883
4.01605415601319
4.015676366188499
4.015230339580835
4.014745228004418
4.014533974495628
4.014207374433269
4.0137762298167
4.013299660944162
4.012929311453631
4.012447575871404
4.012041442951787
4.011741031711377
4.011470802483983
4.011190547270466
4.0108945665344535
4.010570669087167
4.010242269839553
4.010029377266184
4.0097430051443546
4.009386362085061
4.009128236766791
4.008844495085526
4.008494180093548
4.008198791618405
4.007961335918546
4.007715449530195
4.00747004411765
4.007240179994603
4.0070466975968255
4.006835574153623
4.006648937419094
4.006464242536923
4.006240350851817
4.005975185888136
4.0056864075072935
4.005427744564225
4.005156877360074
4.004942915954311
4.004706550599879
4.004510868805281
4.00431218926086
4.004107170963712
4.003914942264162
4.003722755537655
4.003551034165597
4.00336722258153
4.0031764850600355
4.002983449632721
4.002778825841966
4.00258041491599
4.002405930151608
4.002307251503298
4.002182716059751
4.002043185665185
4.001892673049747
4.001764502182208
4.001689326119001
4.001588144650576
4.001481477041502
4.001361205518703
4.001238368305932
4.0011133933563645
4.000997072265642
4.000863397348736
4.000734580624442
4.000624674213745
4.000504204040514
4.000385227863492
4.000276846040698
4.000162986410916
4.000035087346113
3.999906919719902
3.999778964067759
3.9996566217688008
3.999523773371686
3.999399129912258
3.99927622484283
3.99918617191668
3.9990961640890808
3.999035557109967
3.9989520683681654
3.998842151626087
3.9987253651063166
3.998635549029667
3.998546786570864
3.9984603930413014
3.9983794492506166
3.998301006433242
3.9982204000842474
3.998165197100443
3.998096496043069
3.998024817738542
3.9979609582680045
3.9978872309288165
3.997822541584963
3.9977561593720456
3.9976638598280396
3.9975561093832406
