826.519574209299
586.1830065209397
409.45523596492365
299.366670532744
263.7269458002568
248.99540240168432
240.86326544683467
230.6998652082357
221.26478829029907
211.14834253208363
209.7890302685826
207.48229023507696
204.02735433355778
199.10194745963315
195.88088612380778
191.5556690038175
189.3260478040388
186.09177092891622
181.58555349858676
179.45418661122417
176.61097127007767
173.12862746303628
170.87440258093176
167.65718593702087
165.51048759290438
162.70955632938723
161.5671064604649
159.70633531007377
156.88440657152276
155.18922118105291
153.84698738163786
152.30382928112422
150.23227094056062
147.72494682875583
146.41501735288736
144.68735539899774
143.8207503047592
142.67103366896492
141.29232993886347
139.51015724959706
138.45111842025943
136.77284370191953
134.69347187746592
133.14368998050134
132.5293320756392
131.5582186576857
130.1783730980238
128.2635457274962
127.620032738217
126.5136321832139
125.17918478354244
123.22137321634887
121.31086685614848
120.11902199455781
118.4901743641619
116.4640464952504
114.07470306900348
112.649093340142
110.7739368924874
109.14944676789777
108.21850002481887
106.79040943708145
104.95053834975906
102.70638216245797
101.07638041005114
99.1583789708578
98.8319901327466
98.22767760042098
97.20855784792008
95.63486071788378
93.91238679466738
91.83220890745997
89.62123568102035
88.28481759879985
87.17951892689301
85.73277207024205
84.12854543906721
82.16444007204508
80.48960508230716
78.45435893657759
76.643522746211
74.7124229293097
73.03165286728043
71.75871307524366
69.9047221502444
68.92739879006464
67.66589723077534
66.08476771644277
64.24158349937358
62.22353060099036
60.52161898275083
58.98647140411043
56.863445668335345
56.47292481855746
55.78419291661416
54.836828758434265
53.59947258033931
52.22809141996386
50.765933607391055
49.638410498899916
48.6328816561521
47.48189565427943
46.389951055216535
45.27651554972829
44.54239239964238
43.72898069035045
42.709209145927744
41.66058263999835
40.92817620756962
39.97809670514881
39.38766637349033
38.59480714719015
38.09736936853333
37.535553975954016
36.888961526335514
36.067379691256065
35.34266517126919
34.614199306149715
34.02594571740666
33.38285646361188
32.92062644213735
32.41838891067974
31.909106327834998
31.59804443144033
31.208612761928265
30.730723771603177
30.353897793590946
30.068339862286273
29.734437401758505
29.53445888074357
29.299560190079205
29.068114901186416
28.804175348554075
28.53968537292526
28.20104827089748
28.004977044251646
27.785308303351638
27.563367561070237
27.362294202040225
27.251827433691332
27.099389821937752
26.900418748302975
26.7776521598804
26.621379260976745
26.450923414500355
26.28957146565459
26.123190403258505
25.88710950924802
25.656733239582326
25.413951675516913
25.136534584628166
24.81909053351358
24.646694232118598
24.471786023680725
24.292507458343692
24.1467450487607
23.950179909772142
23.798842937603553
23.61563756881901
23.443114918300058
23.304193344975452
23.083926001239046
22.76810257783047
22.243091938756244
22.11979609896757
21.964908931583818
21.745259216004367
21.51031444361183
21.3905015419034
21.22858840039945
21.06822224242648
20.896220495659307
20.789447735238312
20.647743613134303
20.49104587127168
20.35910907205356
20.239730700539717
20.126222247401696
19.96840678057203
19.821720936364486
19.679176484368305
19.512309131555174
19.386442054711015
19.27785422424396
19.15365998989972
19.03421599784459
18.897943927790713
18.788067964697746
18.641854834896904
18.474327328526392
18.279497819253997
18.074812252276377
18.03482610314927
17.968337284530698
17.859431065458416
17.685662827464114
17.474574855494993
17.22374924226679
17.088052263363323
16.98075537878183
16.854411204000755
16.74456381023971
16.58754803596
16.427419105833984
16.266238347378113
16.111211808122846
16.030122356459316
15.925692745045811
15.845911679872039
15.770031788813862
15.694092930830426
15.642317636808524
15.586724193603079
15.56138962150384
15.522921478328014
15.481411625570237
15.453285905104106
15.422862846922104
15.385574313397584
15.350695371364342
15.3176973697575
15.276083707838595
15.237140578424569
15.208652258702918
15.182592560294927
15.150462788864255
15.1203075079497
15.093412725620542
15.055328241082615
14.998715506780409
14.917453621552813
14.784312521897256
14.72381914555417
14.702973102375214
14.673819387029507
14.629652247287328
14.578186742432685
14.52252980860132
14.453553545871758
14.41968421345941
14.3717170277122
14.314799123163738
14.247812104022923
14.176236941813608
14.142878829684276
14.093947842276112
14.036254199529047
14.011957804576337
13.977789992143194
13.9346871196913
13.896583227351528
13.846604117152644
13.791370183960542
13.741005233458605
13.70938443259199
13.668987173003877
13.649428432499512
13.623349472886705
13.599072945871965
13.571895727512818
13.539533576630326
13.515079586836453
13.48493052697851
13.459497984057137
13.435965442040473
13.416829194899446
13.393096553221312
13.382022826554923
13.367726741134426
13.352784350092737
13.337363652541221
13.321631121697838
13.304132090177145
13.285719834075326
13.270733953657455
13.25543499840347
13.237416591574867
13.226040254225474
13.213368682128468
13.19885732279596
13.181350290199802
13.167619577054134
13.152985371761563
13.141861044087015
13.129656400215874
13.116450975768903
13.104542735917269
13.090952067422062
13.079075998476723
13.068903587867602
13.057685067321406
13.044753335548862
13.035520643346452
13.023804533141472
13.010035619599693
12.99807860120677
12.984634287670568
12.975106015581327
12.961113460042498
12.94438034658208
12.930325058395942
12.914559004380726
12.90143189005218
12.88770583618794
12.871960466119821
12.85868654734957
12.840929493356608
12.824508166993088
12.81153949366566
12.794899060503527
12.772954994037866
12.758317890919882
12.738064055255446
12.7156177059634
12.693436604573037
12.67159707302419
12.649869363470902
12.629852116483981
12.612012555529393
12.597387032135597
12.577578848697751
12.559244473649684
12.53700049787177
12.514691151031267
12.488939352120683
12.473552620967125
12.456394531470998
12.432671722074543
12.407048855932873
12.387358345076812
12.363189021441823
12.336202939932901
12.313229223089401
12.287416189379798
12.267359126576673
12.242932655723687
12.221110367357019
12.20386617565592
12.184292859477285
12.16615255915179
12.143798140857502
12.1204400835665
12.104285079246118
12.089304269079182
12.072310410366324
12.055974303837512
12.036663187899675
12.009985569431423
11.980992983620045
11.952608168998669
11.923225747434486
11.892484589472836
11.870561422057015
11.84577963971202
11.817694831136855
11.788121307734418
11.759945191686345
11.735691594412252
11.715970609398365
11.685559791753176
11.639542637298913
11.581803240356416
11.557356613315205
11.524767650523486
11.486728191210904
11.454057200531153
11.4187857571835
11.395072996202131
11.365768788054176
11.343983186949167
11.316126673118244
11.283973332878958
11.251347544675182
11.21789061188375
11.18169616932813
11.150339616226507
11.112924149622406
11.069749054179065
11.025764263636718
10.978490291234683
10.927278137037922
10.874715663315882
10.814635327880291
10.788382337249459
10.75681043797611
10.710999242090589
10.659064933462414
10.603256584107758
10.549391809937077
10.501592217700733
10.472524612272899
10.428359095084438
10.385475784646214
10.339742178320101
10.30264478234209
10.258809299909679
10.220033989099546
10.184501584684238
10.147642870936174
10.112879431496674
10.081805636231994
10.047127871479795
10.031332753701646
10.009272354412182
9.981711897445098
9.954413672974779
9.924857969243584
9.90155006836681
9.874589761505426
9.852181020759353
9.82945990599681
9.809627319254789
9.784381587176842
9.761600856662628
9.738011621092593
9.710030994004896
9.67126154444561
9.62762376855703
9.55594928687886
9.50405605190324
9.482946219531186
9.457615803384021
9.41927047775048
9.366845968460272
9.305193492497398
9.262284167122028
9.225764320178595
9.18077256182852
9.134445032011762
9.096930879673458
9.062420044924169
9.021142514205618
8.977143283762974
8.925228227503007
8.870368535817875
8.841240878064468
8.798031483676471
8.746739998570504
8.680233061464099
8.64976186302653
8.607444024506925
8.556648314642237
8.51898170634865
8.477397039565021
8.439357528793241
8.397750718067911
8.363547524386451
8.330631002417551
8.29589901624582
8.266476975017763
8.238261582588557
8.20461485200898
8.171570444979482
8.120449985177144
8.034701032497626
7.972955848226658
7.939448883620859
7.896665506467065
7.861883476619603
7.824348028328001
7.781345300024716
7.734127204284287
7.68959049727059
7.652745859876169
7.61863541770837
7.587729291315126
7.5603578123474415
7.537145230719816
7.5215652624731835
7.50180451085791
7.489394407139315
7.471633179431504
7.452041526670113
7.436166404218876
7.421353029428849
7.408072351598748
7.394919310446877
7.38193071468544
7.370648571558318
7.357187091914643
7.344163342205162
7.331821383002007
7.323967879709667
7.315082804581744
7.302910090562486
7.288858778172484
7.275982929683856
7.263510951598732
7.253201905788264
7.242754766218518
7.230518427569724
7.219380475675874
7.209901864761613
7.200762257003666
7.188514251721445
7.087723553013755
7.0828355336770255
7.077266738779599
7.0686336977041355
7.056383009961018
7.038075498432114
7.01827296871139
7.006008905308393
6.989777969048157
6.968922960191783
6.952136357984875
6.937231696892939
6.924208738857123
6.91170386555206
6.898762873863943
6.887591704917782
6.883142962894112
6.876143384288526
6.865449433526264
6.766472472532057
6.762320084866888
6.755851623657113
6.745394011274839
6.7295691102080895
6.7132993815921385
6.694190666157009
6.6777474216629775
6.66488750477143
6.6530446412436035
6.641599204542475
6.6313194823073145
6.6178364062057184
6.597839605018088
6.463022722219322
6.4563344211762566
6.447453476859361
6.433672074577551
6.412516009439191
6.3847902203737625
6.353333192123003
6.32090376800798
6.299966097991309
6.281341704976639
6.265784466355271
6.252358504154074
6.243903233860638
6.2354666927525155
6.228223761399384
6.220336756247993
6.216135357057505
6.2109761056841135
6.207027061763665
6.20259409520939
6.1981225531438024
6.194021667915518
6.189203148162993
6.184485637813001
6.181605915215471
6.178011231145206
6.174034785318401
6.169129112261962
6.164663865784513
6.159753188291811
6.154428066327345
6.149517012498565
6.145558572564596
6.14110612255117
6.13706644633757
6.132933213713143
6.128117838116602
6.1249147723576325
6.121546620017742
6.11855422842619
6.115590370796415
6.112185321704615
6.109254383769482
6.105497327187733
6.103685493011896
6.10144655489804
6.099362619678239
6.0972127878473845
6.094754099378135
6.092784391007861
6.090151650290085
6.08737171705694
6.085096315695952
6.082638171655014
6.0799337137009095
6.0776844826718115
6.07607533798212
6.074318880558549
6.072593568898737
6.070937808458822
6.068916369506104
6.0674691104565355
6.065551157509301
6.063873463007537
6.062033944357106
6.061000764930353
6.059758233060252
6.058342319012533
6.057745909033357
6.056860656813866
6.055674546762775
6.054141808837214
6.052455984218274
6.050959841508773
6.0499202200025595
6.048824612155853
6.047603089354801
6.0465139311204315
6.045701565320373
6.044725283310457
6.043637621270323
6.042543174117383
6.041324474253516
6.0403856258837125
6.039428859866838
6.0383664999585225
6.0373530196441125
6.03622358010361
6.035370387751357
6.0345271521402815
6.033866282384311
6.03314099405703
6.032447597012885
6.0317253728506
6.030948289007138
6.030204994890685
6.02945890731734
6.0288109345285665
6.028170845574544
6.027529124797614
6.026781094452037
6.026305311202249
6.025678250446601
6.024921079854404
6.024253665283719
6.023514245372312
6.022934790055471
6.0223446976437955
6.021691486353253
6.020982622768683
6.02042624105238
6.019808283387285
6.01911463326905
6.018563367301375
6.0180312823457
6.017489569646638
6.016921629995066
6.0163966827044595
6.0158776031262855
6.015314020204796
6.014830278168937
6.014439229363113
6.013991709838054
6.013445295982718
6.0131532660811
6.012752388143064
6.012337080561711
6.0118715129593365
6.011431386725054
6.011045939313407
6.01076042477684
6.010470406851451
6.010282473134874
6.0100330231074945
6.009731981586933
6.009402923948582
6.00905271749693
6.008753743702453
6.008452469831866
6.008100579810695
6.0078359870525
6.007567317853934
6.0072901719114284
6.007064310487278
6.006805208648938
6.006496203227318
6.006232603258413
6.005953180640359
6.005699946103736
6.005471498224227
6.005247399867058
6.00500723775687
6.004753296834709
6.0044605630839945
6.004399577307373
6.0042959833398
6.004149567643414
6.003948235824955
6.003742338187023
6.003556403927384
6.003348230033714
6.0032018060609404
6.003057380317017
6.0029310586155695
6.002799685048661
6.002652596148288
6.002533438424738
6.002394052035824
6.002271271544274
6.00213134221937
6.0019879961916125
6.0018406778552436
6.001740313454111
6.001601693750868
6.001437118064892
6.001263048268762
6.001093172600007
6.000917278979571
6.000751032020397
6.000621640237991
6.000476592356654
6.000330798682751
6.000181843695184
6.000052328404001
5.999948185557463
5.999830875444099
5.999758717978181
5.999665511150543
5.999587261008072
5.999500243444897
5.999411690682875
5.999328545545579
5.999246357172212
5.99915269959404
5.9990668837528975
5.9989622138665
5.998856335908231
5.998730483389748
5.9985888049085165
5.998447884241266
5.998365180885745
5.998274062881986
5.998216820405405
5.9981374574913815
5.998049467283533
5.997991120817846
5.99792271114508
5.997861870013333
5.997799142401517
5.997754645754773
5.997701433070164
5.997655707046567
5.997608821531303
5.9975647295980545
5.997522119133691
5.9974720554697605
5.997429688006664
5.997379008309579
5.997335867357215
5.997275936775228
5.997216168540437
5.997168992418054
5.99711135439491
5.997049986095465
5.99700048032312
5.996945902237013
5.996890598476032
5.99683838663005
5.996794463337656
5.996750757701009
5.996708553106778
5.996662476360521
5.996614273667202
5.996575535137175
5.996531732090455
5.996481385751732
5.996430002866738
5.996381288730941
5.99632320329658
5.996279338089623
5.996228122932553
5.996182712354915
5.996135206828962
5.99608283907044
5.99604007779185
5.995985667992344
5.995924038543372
5.995874387560946
5.99581683641946
5.995762144077954
5.995718341551929
5.995670450595173
5.995633307278638
5.995596903160751
5.9955511286877465
5.995518216301636
5.995491454096994
5.995460939385981
5.995429400859576
5.995401611943109
5.995378540210394
5.995346517992326
5.995323105882729
5.995288305365168
5.995249792851322
5.995203601540574
5.995155384531069
5.995126402973704
5.995090369800399
5.995054908874259
5.995025320648168
5.995009779780488
5.994989166796339
5.994963278319857
5.994933710448288
5.9948977739883365
5.994859182935574
5.994816823599891
5.994777270371111
5.994735372790038
5.994720906202135
5.994696981810338
5.9946612313526995
5.994615678976152
5.994581453729344
5.994557023840263
5.994530707149633
5.99450552798408
5.994474452680922
5.994438995382239
5.994402840875599
5.994362902804962
5.994319084007169
5.994287697212619
5.994253373947915
5.994214373917554
5.994183201443562
5.994152953295719
5.994128956902322
5.9940999180934815
5.994065791595643
5.994032708406463
5.994015223688889
5.9939923743621595
5.993967705013273
5.993937292399249
5.9939194597396215
5.993898635830082
5.993872552862404
5.993839319528336
5.99381446666233
5.993785826409728
5.993757066902356
5.993726532887904
5.993706993300059
5.993684531643213
5.993655296600757
5.993621370531056
5.993591752690128
5.993561999134875
5.993526692862964
5.9934908544774075
5.9934626728475635
5.9934287891341675
5.993403416003584
5.99336763573339
5.993334611535171
5.993297356818578
5.993261530555111
5.993225627304005
5.993190333079786
5.993143712360748
5.9930858342616595
5.993031161151219
5.992981070355708
5.992944435539362
5.992912637001441
5.992896038305894
5.992871430136921
5.992844985655065
5.992823027175723
5.992802087161764
5.99278309437549
5.992768251574138
5.992747093064308
5.992716682806782
5.992682365209745
5.992647863783132
5.99260994190635
5.992567554607289
5.992515580604847
5.992469909779231
5.992431739902159
5.992400752676808
5.992373208604834
5.992344960183903
5.992318639624005
5.992291076010252
5.992260414940207
5.992225195712938
5.992183566689891
5.9921493490303135
5.992112415675185
5.9920688769166395
5.992024993402377
5.991990721727502
5.991945467140405
5.991895487805845
5.99184511021281
5.991793354882265
5.991740404833318
5.991695958471041
5.9916389050652406
5.991583033156262
5.991502342653291
5.991408926699003
5.991341909927191
5.991256175468365
5.991150096082295
5.9910154118250425
5.990847749619095
5.9906756279598685
5.99060988817595
5.990507210840024
5.990332810336977
5.990055230979159
5.989609802802018
5.988862300462928
5.987953870547846
5.98755233402497
5.986842243420446
5.985498057056295
5.983642590527364
5.981318746546713
5.978995453473804
5.976072660014649
5.970869882474281
5.961581325764664
5.957270154370763
5.954895182259728
5.95277239232426
5.949807900701636
5.944877581445633
5.937432391080845
5.925303509847479
5.90813987478373
5.881439232398694
5.861198655467571
5.831955954175229
5.787115961156791
5.734318197844375
5.693412437742504
5.650359368347486
5.608361698587277
5.573517722966377
5.563089105883774
5.548499306915959
5.532583998277359
5.526753239692175
5.519062606552804
5.5123241493838355
5.5082407797841535
5.505209377079263
5.502954755282532
5.501962093398408
5.500574548263987
5.499267891163969
5.498354850831454
5.497660436251616
5.4969428878359095
5.496276478382694
5.495889246144662
5.49539705817544
5.494964670105599
5.494573958728373
5.4941847114921245
5.493919499364745
5.493618960134491
5.493424476667819
5.493207864265447
5.493030348584574
5.492909016381639
5.492784716845429
5.492634181026048
5.492515789373575
5.492408259002916
5.492298047057053
5.492196930959638
5.492104953011101
5.492005432045117
5.4919580575186995
5.49189195681877
5.491806138727946
5.491726406166299
5.491664582278519
5.491593121805437
5.491514938576887
5.4914331282817095
5.4913879548523425
5.491332023177567
5.491279916673455
5.491236164946486
5.491196651567838
5.491148303573011
5.491098251361089
5.49105075526399
5.490993022060074
5.49095146877263
5.490898959834691
5.490848241857943
5.490789789606783
5.49074132944331
5.490698054335672
5.490647870366653
5.490601810184508
5.490564751539139
5.490526614516668
5.490490019438342
5.490470453222111
5.49044571219517
5.490425511169023
5.490414805903654
5.490401999514752
5.490389279143902
5.490377041517771
5.490364838919255
5.4903533714901815
5.490337683728468
5.490322133016631
5.490301833873572
5.490283906819542
5.490259936889754
5.490229947170496
5.4902022848984595
5.4901773976111095
5.490152422722167
5.490132381070968
5.490108611928318
5.490082363131322
5.49005940037341
5.490039156815934
5.490019979228075
5.489998574618344
5.48997342254189
5.489940874144222
5.489899372539201
5.489849225965942
5.489798402808239
5.489755966806844
5.489712329097379
5.4896665606078425
5.489626963520102
5.489590931594915
5.489552981321202
5.489517452709162
5.489481501586324
5.489450080320785
5.489412806834092
5.489381403021374
5.489345526694725
5.489308481348074
5.48927491198595
5.489244204254872
5.4892202159426535
5.489197443551034
5.489173791883589
5.4891436684615496
5.4891125507468566
5.489079061516241
5.489055712639397
5.489029742646135
5.489004574880729
5.488984249220014
5.488959385177443
5.488931424746243
5.488903756838958
5.488878459011747
5.488850309958679
5.488818437001303
5.4887839137914405
5.488756354295765
5.4887313896535215
5.488705596870026
5.488682738091074
5.488656355757593
5.488624551680161
5.488591381089346
5.4885639454740165
5.488544866512149
5.4885233912953835
5.4885074649553545
5.488488573721647
5.488470221648376
5.488447768096098
5.488427872133126
5.488410907401466
5.488399596497235
5.488385698183631
5.488373692568077
5.488362683883832
5.488349071705598
5.488333763162602
5.488318258562671
5.488302698212319
5.488281849700936
5.4882554304963165
5.488235303658955
5.488222217363084
5.488211607636886
5.488202340352953
5.488191611016003
5.488177215814513
5.4881567877295625
5.488128473674836
5.4881142365925255
5.488094864590392
5.488069943021943
5.488045272816069
5.48802632868801
5.487999834406912
5.487969114379633
5.4879435594116135
5.48791914784012
5.487887776376214
5.487851148867659
5.487810938034755
5.487774623887762
5.487738758196465
5.487705967301215
5.487677443909853
5.487648623667542
5.487622384964959
5.487592462851481
5.4875593105425
5.487516485916933
5.487470470196359
5.487441374137385
5.487404354852497
5.487357383006286
5.487298523032676
5.487242160825678
5.487178666064317
5.487115714963402
5.4870492733528575
5.4870229579004866
5.486986127655898
5.48693801797524
5.486906949541697
5.486870741444568
5.486831871471976
5.486791527647293
5.486744941163488
5.486696952544745
5.486654701580682
5.486626777465976
5.486590812775383
5.4865416490426
5.486499214247889
5.486466541434717
5.486437445516998
5.486406826531953
5.486375101926027
5.48633930247213
5.4862944804362765
5.486244060090891
5.486218637215048
5.4861840281454075
5.4861481421308635
5.486116412124444
5.486094792829303
5.486068868747159
5.486043700561417
5.486020085827205
5.485996609029108
5.485966537301138
5.485925072107593
5.48587359677585
5.485827752885488
5.485787565649106
5.485756188870704
5.485726984991704
5.485684471174539
5.485630739109295
5.485571878807949
5.485535141419098
5.485487333690586
5.485427319621916
5.485366692960103
5.485320778359213
5.485285181618278
5.4852383541931236
5.485187066147441
5.485128843828727
5.4850660484481635
5.485002079221061
5.467953523034516
5.467953399557228
5.467877535923827
5.467854144411993
5.467809325221712
5.467389231193236
5.463768001256415
5.4518471743302515
5.449921641243092
5.446327883588044
5.439744506104878
5.4357398074462235
5.4333695155531565
5.430695120925828
5.426327811446289
5.418727945047927
5.407646646633528
5.402138594042009
5.392045580473421
5.37270127043325
5.341938774766314
5.324948091392055
5.301693556350909
5.2727996977554525
5.2344575816726335
5.193535913916556
5.179570896312173
5.157689857809688
5.13251704154146
5.0992055913876735
5.084644443345882
5.072569809712885
5.060542448426502
5.050398427754063
5.038887695642307
5.031711774192268
5.024447303183888
5.020024087138312
5.014965195157224
5.010928438051974
5.008566386982098
5.006639920903446
5.004169666917174
5.001934720806713
5.000120891519485
4.998470251383444
4.997066698711517
4.996333354491924
4.995301694639981
4.994103929032196
4.992560217560569
4.991556379493566
4.990720611320388
4.989787165913103
4.988775517658446
4.9880135575096105
4.987506116158089
4.986895264575709
4.986693183648542
4.986403093353614
4.986051127440566
4.985782267202751
4.9857062703348305
4.985591409166096
4.9854510189463515
4.985322424818044
4.985218949180693
4.985127152003891
4.985025225659361
4.984905348901707
4.98477355259328
4.98461048540642
4.9844742092802825
4.98433894163245
4.984269877302109
4.984192398158385
4.9841288416415
4.984077954103532
4.984031726709058
4.983996373360278
4.983961312834243
4.983923252170026
4.983878871387354
4.983833089636077
4.983770447786844
4.983680969645441
4.983570814371804
4.983501157480292
4.9833871340887566
4.983213459711616
4.9830130886927035
4.982903898749697
4.982782628797562
4.982652621842329
4.982569135416032
4.982512492062636
4.982431736959249
4.982364803850422
4.982316580852598
4.9822512681175715
4.982177383797037
4.982078433665135
4.981971308479021
4.981872670382543
4.981806463602178
4.981753000275827
4.981697820229694
4.981648779347234
4.981597850882575
4.981543066543535
4.9814712785244115
4.981394328546638
4.981324100215551
4.981253422460847
4.981186940840545
4.981108675066834
4.981046989045918
4.980970314024578
4.980913013483895
4.980859112457104
4.9807969624367185
4.980732760600954
4.980659767316307
4.980570735671641
4.9804656578380975
4.980415353915345
4.980344525104977
4.98029250103529
4.980235496156833
4.980186647781146
4.980127216150233
4.980092624834093
4.980046002418877
4.980001315940834
4.979971835250894
4.979940566865642
4.979900144214459
4.979853147378259
4.979803324678574
4.979760667458956
4.979724406353128
4.979686102748665
4.979669599242616
4.979646650279594
4.979617175086915
4.97958578972974
4.979553546888208
4.9795184730804
4.979470661655008
4.979413503491908
4.979362259805903
4.9793164156653775
4.979269992896274
4.979227246134157
4.979166635522828
4.9790940248741595
4.979060406668932
4.979023847605409
4.978986053250569
4.9789517225556
4.978929403798453
4.978900686378163
4.97886890838954
4.978861803826138
4.978849009938728
4.978826274184296
4.978788546229893
4.978737688528325
4.97868973857562
4.978648458803738
4.978598188027151
4.978528121338576
4.978466046974343
4.978446363123811
4.978414627733956
4.978367584264602
4.978315331272771
4.978266220404816
4.97820929939186
4.978139153995251
4.978063115320148
4.978037379276522
4.977998488160749
4.977948999662729
4.977894835453128
4.977835278691378
4.977754472983263
4.977670282322459
4.9775698203978855
4.9774868812611555
4.977439477526266
4.977376285908373
4.977305324409644
4.9772401822743975
4.977178055579422
4.977137511268591
4.977090146052282
4.977043375363262
4.977010108575968
4.976962529621787
4.976902180980005
4.9768670557745835
4.976821991001231
4.976775881155927
4.976731623355474
4.976678846581704
4.976618533324196
4.9765523016077475
4.976489264772287
4.97643779918959
4.976377439613771
4.976309606655105
4.976264632251417
4.976210711053149
4.976143230126642
4.976083446902589
4.976033836372496
4.975996979705153
4.975950419341093
4.975891799321781
4.975832310826053
4.975783878042455
4.975741437714479
4.97570490735465
4.975674571409799
4.975641558230904
4.975611165312362
4.975602624872841
4.975587057783102
4.975558926190066
4.975512118203894
4.975445913337195
4.975386022156417
4.975323922772976
4.975255924908141
4.9751813543055485
4.97511229169556
4.975040784483527
4.974970002157589
4.974895996729227
4.974793548672729
4.974663715342638
4.9746194030369555
4.974555336791116
4.974496713828399
4.974437342325464
4.974388460442103
4.974328304379048
4.974260806801989
4.974204075096994
4.974156825738432
4.974099345937324
4.974035061579549
4.973960671576243
4.973900533816348
4.973844900740263
4.9737739251247035
4.973725122975006
4.973660720241569
4.973581509305432
4.97350822664886
4.973448607436022
4.973392082711742
4.973327089572097
4.973288223944936
4.973238564193956
4.973170434841982
4.973105041734124
4.97303576228834
4.972961291165538
4.972882935614411
4.972794837747683
4.972697215285123
4.972604609569041
4.9725294717163955
4.972453796219306
4.972380519202742
4.972302868690226
4.9722252022827895
4.972135681385642
4.972017210612366
4.971932548248164
4.971850968810891
4.97175813236473
4.971626200479335
4.97147499506902
4.971390453234669
4.971279249390849
4.971155277541719
4.971023935097236
4.970907229594099
4.970783197932349
4.970615098501279
4.970477663975287
4.9703281282661305
4.9701859777716875
4.970091706788236
4.969967354466959
4.969849463673809
4.9697690887183
4.969668373533122
4.969547574323265
4.969443680653006
4.969348487108934
4.969253435422203
4.969163227431806
4.969082212107171
4.969000396014943
4.968925547606169
4.968866467493678
4.968799308159042
4.9687230482194575
4.968655578888422
4.9686017855807005
4.968536936408375
4.968463165137151
4.9684077047726305
