1099.3037459631091
436.9896334908774
414.49884155156496
372.3443045468279
294.2340110065804
246.97623356718958
239.43096237156232
232.91641479167438
224.89342937850873
221.8480708415616
217.52228596309578
212.4904918352005
209.53352888141612
205.60955632140332
203.29816069753088
200.06891184197036
194.86372759312906
189.41066127290213
186.13384162678986
182.01863937925933
176.8265256463309
173.79267731879816
169.4936427331911
166.33270215496339
164.51625018042387
161.67761775821907
160.22272868777458
158.16340078052377
155.15400397804245
153.1888748003136
151.49969797895324
149.73127685920312
148.97400227275077
147.94497039907657
146.4561150428828
144.42531288957588
142.24310220336818
140.542134795052
138.55688663653098
137.10758210390725
135.1837195812656
133.4274078959084
131.09853429730785
130.0962739315765
128.60712075056716
126.39970467302456
124.17126800822268
122.21883012424993
120.59583706876616
118.80157816246735
117.08392025557326
115.67014209330017
113.76072992315596
111.18506202200192
110.18824462598559
108.53798183661391
106.45473182938474
105.1129581176913
103.14271296387196
101.50458514284932
99.02619337608493
96.19360841444663
94.19384899222995
92.06690411318334
90.98178056068173
89.42115265170997
87.2802854963424
85.3100780066911
83.58132969189816
81.65758039261574
79.72038223775205
77.84862704030253
76.01153127119866
75.50975762942743
74.66064943412704
73.30648668661922
71.43044318376911
69.15343636336027
68.37598583747166
67.09870575039568
67.04417475955547
66.53586154383582
65.55197839504886
64.48076614385714
63.1765597496405
62.25804299582144
60.89739626686465
59.46344725051045
58.760595655872685
57.72580104161713
56.64314489882496
55.34513748995447
54.454013033620356
53.893480318345865
52.952183003484535
52.54151628988467
51.868446789799044
51.051961671588
50.26969420026876
49.357051314156635
48.853991929290515
48.23616705846456
47.51760851811278
46.850685203495416
46.2909831077297
45.76207229670396
45.47426153669526
44.96348865314644
44.316367825971604
43.618345179656544
43.02602363258008
42.51764147485376
41.953092614106346
41.76056706073228
41.45873232639292
41.02868848799629
40.39603991686764
39.910848266316094
39.65556509047141
39.308537555618756
38.889913686321265
38.56904397624217
38.28648522722611
38.04092189284318
37.70400586690273
37.430388109014515
37.1943340484964
36.92651555708841
36.536487657109014
36.26110243049043
36.06042954998575
35.85400758385617
35.569113525451556
35.31420371746821
34.98808707353738
34.84154585110697
34.60399145356172
34.46556368842676
34.308784143336936
34.134827345720474
33.954264686918435
33.77854199867718
33.58630569224499
33.435144894026365
33.26056186006462
33.0751766408644
32.99745211650027
32.89129984742032
32.76878301390884
32.66037904138252
32.55448499683732
32.48254771942131
32.38311286459144
32.22905366076746
31.954215874673697
31.84016267659514
31.74793319334121
31.618686706099506
31.446604621326024
31.353036204548758
31.26442651559731
31.180392016365317
31.091840388592466
31.014359217197168
30.929238182315938
30.846876500258574
30.79439246883843
30.709727893796828
30.55541495074418
30.36688728657537
30.304824809880493
30.21049181530561
30.0389509262533
29.68039713415799
29.57655467919004
29.432656282074326
29.308843051979025
29.195896866990843
29.067823130212382
28.898472731513074
28.74027926323612
28.538907726764506
28.35430249187025
28.234034166022262
28.104584968595383
27.947780538219916
27.774567171965245
27.58721304848979
27.42826664431681
27.28351409792067
27.109026986969525
26.906606400777022
26.663415330052864
26.46245854810327
26.2872369008784
26.082872932726914
25.95118598484926
25.798586559240203
25.703744790848468
25.564341916028035
25.358185755793485
25.027686321285174
24.587753299754738
24.292661217119544
23.99035219044245
23.7259364602299
23.417776568303122
23.08428446125931
22.820335883887214
22.522712593447892
22.225684659483658
21.975512895407928
21.673393171227644
21.374882403544866
21.224795834024906
20.989557466290464
20.710762341469973
20.40350973345668
20.30002058608474
20.131057107786887
19.892982021189347
19.578906398541804
19.372524162603444
19.18690561309497
19.040213524646845
18.841246869605197
18.62511005632519
18.425494042848385
18.355093034624346
18.24228057582927
18.059464813256014
17.754621381891
17.66151597530382
17.537498275568183
17.379157026230445
17.249025913200526
17.16538412227485
17.11232517180403
17.031001223129056
16.9419236997811
16.871348794983405
16.799629544292248
16.714146792512004
16.636584731057773
16.583712243507726
16.51989772155737
16.48189965192023
16.44652485891402
16.407615851814143
16.35955853812313
16.319946824465358
16.291698021162453
16.25499604600845
16.216497493385248
16.197387605658733
16.173906615437815
16.14747628897588
16.119062685296974
16.09365484787424
16.065403087353086
16.035877522684657
15.887957107148294
15.872034035393302
15.861828810488594
15.84640715956678
15.82499779767664
15.798424041080587
15.7659426925907
15.727243393014257
15.68553081196595
15.672591232156439
15.65378450288855
15.629545039660798
15.59879416007021
15.573951769619466
15.565560875214631
15.55147942766122
15.533209274261493
15.51104082433535
15.497715002957388
15.485796877964578
15.474327212083878
15.467669566296976
15.458526139792225
15.45502072322027
15.449785500481065
15.44266037455389
15.436915817281859
15.431461690309801
15.42439954923288
15.419514165836704
15.414450034785393
15.410139198680081
15.40496724799577
15.39844096105709
15.390042328589459
15.376893669517912
14.81772321580044
14.81738770957299
14.816753914375326
14.811764714045207
14.80337962635451
14.791262543897163
14.770588157633636
14.743058271505117
14.726347490819851
14.702477080835845
14.671738916751455
14.635605632128927
14.594429275503387
14.561555155074172
14.516983261500046
14.482479073232941
14.474781641605839
14.46451742887104
14.449211064779917
14.430921609765866
14.423052938685593
14.41440657840294
14.407113386145458
14.399720427129017
14.395545918507477
14.390810105568402
14.386352070295528
14.382787418083854
14.379695978577601
14.377034712351145
14.37403135719554
14.370964169085056
14.369023984507765
14.366692815335876
14.364395719204287
14.361858769481529
14.358629128998233
14.355575547294661
14.35338027610264
14.351056998764667
14.34862353520705
14.345495660552338
14.34320978821156
14.340506120581171
14.33772523254526
14.333958367066344
14.33102007954761
14.32702863428296
14.323227611899837
14.319557387541526
14.314452878734496
14.309595532682007
14.306330345746474
14.302532389087393
14.298100561338398
14.292320094698457
14.287370012739014
14.281516290580697
14.275132682239779
14.271555525395309
14.267062250472252
14.260566193222655
14.256032651584452
14.249364808270581
14.24228051654206
14.23548792729885
14.230615112460615
14.225057367268427
14.217799984128881
14.21003485147142
14.202850987280058
14.194241907868223
14.187213022123254
14.177715232036235
14.17255404766653
14.164829378929653
14.15564407911596
14.150452486218324
14.142729490897782
14.133259453164507
14.124412553773055
14.11445015721956
14.10303261951151
14.0962321629454
14.086951510686578
14.075688775841996
14.071391133337555
14.065109196767033
14.057897194687227
14.053230836600555
14.047035460912591
14.039327067781786
14.030427151725576
14.024697931534039
14.017090396561754
14.011784256585205
14.006683294827727
13.999472532999935
13.991432080858017
13.983988926198965
13.97774732156475
13.970031836088694
13.96213751053345
13.956129190919828
13.949482707242074
13.941671909846743
13.9336541169174
13.924529122152787
13.916414887700867
13.907609240921738
13.895780714564744
13.888569951967035
13.880385910941259
13.873109144830735
13.86581580912379
13.85797795940523
13.85158821524867
13.842878679203604
13.832124699666139
13.822108875624604
13.813069996170835
13.807284727037874
13.798807922116477
13.78780453896207
13.776328967042417
13.774462020035877
13.771497480209774
13.76636518020277
13.758218820518811
13.748099968284626
13.73654252092974
13.724329718549896
13.714455586559911
13.70486871474056
13.695441271521704
13.683755276281094
13.67885083199354
13.67080232974942
13.660378386472727
13.65266184657711
13.643361712679878
13.635385556019266
13.625453486713003
13.615789293080782
13.606349629914307
13.596921715073721
13.58617269987861
13.572601563528696
13.561609393107993
13.548208715821644
13.532062264406676
13.391400998079796
13.389933865597827
13.387455180825254
13.384361084034868
13.378639110924977
13.368863517110878
13.352416763525298
13.240405703106946
13.232162170232044
13.216827081290312
13.189829100671687
13.14596997746484
13.08306643532065
13.008704905927235
12.964234282548103
12.93898131631804
12.9197281155889
12.892217769196375
12.872169212809474
12.853054010960612
12.829677929539624
12.803837528906152
12.79609427138973
12.782946990940742
12.761576308423248
12.25668248548076
12.256589707250662
12.252855862132002
12.224489849553514
12.185641008642243
12.164770866836728
12.141175059041691
12.119251474506536
12.09339882436517
12.07760488336492
12.060466613784861
12.037029356037943
12.004238309631726
11.983773665678534
11.965296343617295
11.940268346411706
11.907761288664473
11.877226209573669
11.848235206393314
11.815285829895544
11.777952584249261
11.76229993270201
11.745681698831302
11.721547508360864
11.682573218151225
11.632954891522214
11.583763444678826
11.530469177849085
11.479998682287178
11.42985029542054
11.390305630489262
11.352693682315717
11.305245409266178
11.26287495122908
11.227594626575225
11.18175724514154
11.132025670327671
11.060943331124236
10.99536126905574
10.936495281571819
10.902818186220143
10.852044262716728
10.796849015716521
10.72936487991102
10.681620109654055
10.623167295569303
10.565298163432116
10.52560178687616
10.495794842160777
10.461183702602131
10.43187939789361
10.385531055926661
10.315839035236614
10.261321765233038
10.20872164993841
10.150164778160867
10.090705755334055
10.028174086656676
9.967677886265411
9.912986048350687
9.844434456146068
9.77307533050789
9.749328205860769
9.720311380905981
9.677342241914289
9.618841663142472
9.581000889665365
9.538276606756341
9.481206366866164
9.41194106565588
9.333881229287002
9.271776028970624
9.229221241322406
9.190227804158333
9.144234286849088
9.083558472567946
9.006747233210673
8.928624404803351
8.88888140427623
8.845657684491389
8.79693555888883
8.751157313292884
8.707675538551097
8.679296921939446
8.639600705521794
8.600120384071976
8.55056516267562
8.508338883305603
8.46203278631163
8.41535274889602
8.383333068933853
8.348622040036666
8.319808898174925
8.28242481581825
8.25922100726242
8.230850738021015
8.18988107741115
8.146391306250937
8.129998754393519
8.109150684116376
8.090770150355478
8.063221243465671
8.023948890293484
8.008065575965334
7.98377650503488
7.96872217623158
7.946425133925267
7.919952980176167
7.899110886175083
7.872337640467273
7.845537142591294
7.817916926602836
7.787916152856598
7.753437091441697
7.7304263015093415
7.699424103938613
7.677305980760854
7.648814175225072
7.61321357681155
7.590180655910149
7.582280600072736
7.5688243509571995
7.546492783164025
7.519983634002127
7.493278652109275
7.464123855683839
7.432976915770982
7.404224485248058
7.390369340921716
7.371824015138646
7.360554008370425
7.351558654779206
7.33812343514623
7.320280561085422
7.301929963438523
7.279613921114521
7.256106450626428
7.245400069186251
7.231267597841687
7.214635242911623
7.205325604150904
7.191368108268406
7.169813181144608
7.144583197141277
7.118729535740341
7.100624359431068
7.087746894250216
7.072135712389592
7.049396878131266
7.042113644122017
7.030092933421339
7.012217971233536
6.987230490349736
6.966194191359856
6.939177920176642
6.921001592607173
6.904343518155402
6.891735005002042
6.875105896632761
6.86458018476795
6.854271340057978
6.844437798216816
6.841557193797154
6.836712902296335
6.8306867888572835
6.822217915387178
6.816308284883357
6.809183257973532
6.800085670372649
6.792209006898077
6.783781818957918
6.780305319357761
6.774706141622313
6.768974351082692
6.761888020000788
6.755430808419415
6.748589804500294
6.739683796595012
6.732050244306236
6.725943306549891
6.718349411480227
6.710989411826554
6.701608347856821
6.696098845060578
6.691368627160936
6.6842436723124035
6.678960300254891
6.6720818573284895
6.662281094681516
6.656299313534443
6.651469649771268
6.646561282361013
6.641254756375107
6.635806427004844
6.631104292851836
6.6260537045947885
6.620270147323421
6.614991502697089
6.612192840521748
6.608293608515664
6.603644363492151
6.598091737169971
6.591811284451776
6.582086847751434
6.566800992908554
6.564052520731827
6.56009094686568
6.553510748936468
6.549967423315692
6.545132503477829
6.524418685615099
6.51673785543024
6.515074737972295
6.512070897881465
6.50694161876268
6.4981201627208725
6.482165807611617
6.4579674769752975
6.42565023955998
6.3769863406066385
6.34618991045584
6.296909214311591
6.275316767481312
6.262261489602748
6.254304599629022
6.243449323455865
6.224921210446125
6.197967112356125
6.176548014674969
6.159265852478555
6.129069826933504
6.078591402723718
6.041834203765263
6.001501625971744
5.957407830494985
5.943078991520709
5.922919873394801
5.898725837888334
5.880238303936091
5.8626898247784025
5.84593109995898
5.83092131155396
5.818137484563408
5.81482688877475
5.809499878090235
5.801455797445275
5.791591557129566
5.787209312963046
5.780573286104052
5.772080638647439
5.763402788488717
5.758587624231215
5.7514317052194555
5.741888997030391
5.735327978701523
5.727305521171301
5.723407347912696
5.718407003265311
5.7130678548985045
5.707523790258417
5.70441138184563
5.700281437362202
5.693918352063761
5.6851861867741675
5.681005453133926
5.672893302349811
5.660904921508699
5.6551112245127975
5.649283999776179
5.642357620229356
5.632826889867567
5.624861809216663
5.617054720801207
5.609393914224379
5.605663187312941
5.601290214482031
5.595777335535383
5.5902120355488165
5.589205674263557
5.587454586296812
5.584613417714747
5.580671771326227
5.576396613829448
5.574261158088702
5.572262356054257
5.570685963581772
5.568206838928562
5.564790576939927
5.562255043934872
5.559756362953279
5.55733728103395
5.555387184320435
5.553526235625087
5.552190593413441
5.550966810288517
5.549624482986577
5.5480659023815715
5.545661291122871
5.1166377864366455
5.116569697145722
5.11593188835773
5.114908935867507
5.113040641676251
5.109581689340795
5.103924559579638
5.095851869128597
5.0861656595959985
5.078274670524693
5.070011795215283
5.065036811907899
5.058926967543524
5.055963990277915
5.052129522021031
5.051918623307719
5.050163680324456
5.047545685888693
5.044537733017911
5.043022949040521
5.0423398596791404
5.041426108092345
5.040256363365919
5.038681996554283
5.036992343701665
5.035152819108179
5.034111548680608
5.0328037600957956
5.0316028117130305
5.030753112633878
5.029839406295856
5.028716416843538
5.027520533464543
5.0268337742959455
5.026028288080778
5.02497036488467
5.024089874460225
5.023217401272594
5.022422145360514
5.021646845203804
5.020751272786085
5.019908370271285
5.019323943094731
5.018663180037855
5.0177927418655575
5.017175533604152
5.016547545742028
5.016339440768547
5.016006983151841
5.0155241892906055
5.014899478252834
5.01428452074703
5.013653062455466
5.013057364154336
5.012483936831081
5.011876734536294
5.011300200751455
5.010929154460944
5.010619401020938
5.010267324633746
5.010146169723216
5.009958143706549
5.009728290013051
5.009492679487778
5.009272497101571
5.0091346646699835
5.008937846883899
5.0086436541917205
5.0084747972721
5.008229558666931
5.007931225997701
5.007750699968009
5.007512117953256
5.007283553578529
5.007238609064622
5.007158268430425
5.007018071615832
5.006812707807839
5.00660885770931
5.0065330255492615
5.006410738693087
5.006216486755034
5.005983096397638
5.005852192017491
5.005725040668656
5.005609772948486
5.005438976077031
5.005188316845073
5.004898205677371
5.004732941459469
5.0045527179705065
5.00436208448039
5.004176639515588
5.00398598170799
5.00383070913556
5.00367354325436
5.00358221605553
5.00347465057658
5.003371817923052
5.003278788381397
5.003132335819821
5.002721408274381
5.002669318208435
4.992175395624579
4.992172498995755
4.991735268320968
4.99091299847016
4.985496663474971
4.983959560503215
4.9814988543496455
4.977253920204355
4.969953643722361
4.964148332909453
4.960184564097307
4.952789837805195
4.940693707554576
4.921727748167555
4.912941117668022
4.908360825938316
4.902294760290401
4.894435070435888
4.882304665674737
4.873506293749572
4.865906650408043
4.858418928584387
4.8519890762226705
4.850033562830621
4.846926720571496
4.84427199333762
4.843083332925868
4.842302842118423
4.841330194575683
4.840619050708153
4.839729875807331
4.839429414717745
4.8389361059327385
4.838275137791509
4.837971818761171
4.837803611244093
4.837588861305174
4.8373575759328595
4.837210917102443
4.8371098340011525
4.836952934128903
4.836826242720236
4.836746306889833
4.8366597139831695
4.8365478785141285
4.8364328224816715
4.836339110205197
4.836234040746166
4.836166877635505
4.836109698643775
4.836042626549023
4.835964554185379
4.835874688645342
4.835781619158222
4.835708469589708
4.835649853311053
4.8355684643918355
4.835453954125773
4.835323280053435
4.835275605399936
4.835208076935283
4.835173176772349
4.835124497746288
4.835077503195517
4.835025819561588
4.8349510965909515
4.83484612212006
4.834782957056629
4.83471393373412
4.8346671386140105
4.83460334133218
4.834524384679559
4.834465352122285
4.834409557365317
4.834377236639931
4.834335549428788
4.8342859093013395
4.834237937951288
4.834200716147185
4.8341659463363955
4.8341263673549095
4.834079136338216
4.8340547251136545
4.834021016033578
4.833982186562068
4.83395952875481
4.833927821956615
4.833898670740558
4.833880312885508
4.8338530064566925
4.833818772162415
4.833797439178856
4.833765958190529
4.833725238822158
4.833683113167876
4.833661980718551
4.833650007321511
4.833628384716849
4.833598740418396
4.8335559271039275
4.833528148427286
4.833514181648524
4.833494067794182
4.833470977281409
4.833439716333633
4.833402379996809
4.833364565289179
4.833345730393607
4.833318718448561
4.833305522396095
4.8332862326389625
4.833263452391541
4.833252637504158
4.8332392324205475
4.833227802714906
4.833213284755978
4.833197111555271
4.833176588553756
4.833159674680274
4.833145849968306
4.83313584351621
4.833124212880907
4.83311531282015
4.833104357828401
4.83309038037064
4.833077279419307
4.833070918875362
4.833062737720227
4.833050602596241
4.833038407530314
4.8330274494044785
4.833019550383758
4.833009292833837
4.83299726675445
4.832983573311268
4.832971344098203
4.832956803119631
4.832944565409141
4.83292961677779
4.832920624334345
4.83290954217477
4.832897584633045
4.832888149752785
4.832878178344731
4.8328637534336725
4.832843210401707
4.832830349625997
4.832826528987325
4.832820508970775
4.832814246354312
4.83280814094838
4.832802637443709
4.832795033386613
4.832787300355158
4.832777978028238
4.8327659392457845
4.832752708256133
4.83274711596469
4.832740806123949
4.832732669022014
4.832721385975357
4.83271109081773
4.832705996791541
4.83269840996279
4.832689508216554
4.832684680537527
4.832678003279175
4.832671174846512
4.832667107832777
4.8326621707517505
4.832655049211476
4.832647320257295
4.832645099172205
4.832641333660674
4.83263570975536
4.832629401574177
4.832624459407601
4.8326182281846055
4.832611490299875
4.832608093240262
4.832604659901536
4.832602149250814
4.83259920398562
4.832594997676642
4.832589416274991
4.832583301756522
4.832575577614045
4.832570424093758
4.832566424802074
4.832561629041191
4.832557367598552
4.832552742897508
4.832547444587547
4.832540452573076
4.832532803382942
4.832526469979823
4.832520914859213
4.8325177255622
4.832514642657955
4.832512627325678
4.832510933509189
4.832508391623304
4.832505829914349
4.832504121496433
4.832501745391396
4.832498455936041
4.832495467272767
4.832493179597094
4.832490302173488
4.832486488659196
4.832482326897237
4.832478799145292
4.832475360605265
4.83247232516565
4.832470210456028
4.832467754664713
4.832464838478195
4.832462545833318
4.832459938910843
4.832457215399604
4.832455432281855
4.832453464064875
4.832452118602474
4.832450836792751
4.832448826402457
4.832445491742387
4.8324403203486685
4.832434467179322
4.8324314814498885
4.832427257184563
4.8324231590012205
4.8324210830370795
4.832419219274962
4.832417509387816
4.83241547499725
4.832413069368753
4.832410098832993
4.832406748428301
4.832404934039958
4.832402781360451
4.832400417355024
4.832397595271901
4.832395708038233
4.832394134998097
4.832392711063308
4.832391469932304
4.8323903027936606
4.832388986002396
4.832387236824349
4.832385584944909
4.832384448736803
4.832382995838753
4.8323809194663365
4.8323781566382396
4.832375413325115
4.832373214080312
4.832371658659578
4.832370402862844
4.832370189608829
4.832369790999252
4.832369080879291
4.832368029966788
4.832367239640814
4.832366331034896
4.832364772244933
4.832362534737555
4.83236117770708
4.83236044987853
4.8323596074312425
4.8323586900997695
4.832357831898612
4.8323565985118675
4.83235500856958
4.832353408996784
4.832351945112349
4.83235087724999
4.832349694841157
4.8323487486251135
4.832348157373686
4.832347334974905
4.832346129985626
4.8323445360078505
4.8323428344456705
4.832341289964983
4.832339447485588
4.832337459225467
4.832335227013534
4.832332816253236
4.832332578223445
4.832332134497319
4.832331352962742
4.832330196178116
4.832329716580689
4.832329225312234
4.832328808767944
4.832328149494264
4.832327126904161
4.832325846474255
4.83232518407325
4.8323246906960575
4.8323238969597
4.832322706032599
4.832321398042174
4.832320746614381
4.832320303832098
4.832319551218141
4.832318387282415
4.832316985324032
4.832316012925347
4.832315005400445
4.832313834195572
4.832312257010708
4.832310646680388
4.832309394260676
4.832308321523357
4.832307802137214
4.832307269163078
4.832307092618704
4.832306830783123
4.832306399142222
4.8323057330116885
4.8323048866614045
4.832304329152777
4.832303425124136
4.832302122834922
4.832301358622514
4.832301006606868
4.832300481170167
4.832299864095938
4.832299297855929
4.832298943629041
4.832298565509416
4.832298090853161
4.832297817372574
4.832297573897722
4.832297314751843
4.832297012453562
4.832296655346292
4.832296271544474
4.8322957172883925
4.832295001056435
4.832294624865714
4.832294436390286
4.832294184716794
4.832294054360711
4.832293884961524
4.8322937395185805
4.832293669833162
4.832293651877003
4.8322936490356
