637.2433785038049
510.4399206635278
304.1877907412064
275.9395819313843
262.1526221484199
247.21850878158062
226.5093941837569
219.8642047778335
216.73822964575805
212.0625910106021
209.28118848959366
205.18531350722452
200.45483690633716
197.7166008277666
193.71395888683838
189.52614096049234
184.055026009597
182.92714409588817
180.85012672487204
177.4577376403085
173.37474353825897
171.4605047609299
169.89320054918434
169.06327440450463
167.7121690483972
165.52196999632653
162.5674273722957
160.59053996674805
158.1595354805029
156.76039159496736
154.634830700625
154.19467381236797
153.37564385299015
151.82209918072905
149.5093828825607
148.17277381130384
146.97110806825333
145.3920498383205
144.1999368112439
142.79103332627955
141.4627174323897
139.62046934049857
137.9598372656315
136.09184664299232
134.36131210565577
133.3217595764772
132.0032515735339
130.47683733847435
128.6760623153131
126.56643771719754
124.74035443671036
123.38363748961099
121.73643560810483
120.04256398785994
118.44696712092227
116.69129089779585
114.58543826628184
112.3160761733671
109.99827458312154
108.95317741920682
107.42379335699394
105.48247612662973
103.08672205593881
100.20214170884867
98.79304353007569
97.35690172426841
95.47430861793352
93.41543364134353
91.29714759301562
89.08283225731859
86.77282924785963
84.4923951583209
82.82052567357016
80.76662263068656
79.05657892535613
77.41704389077789
75.29164158263819
73.83928185149637
72.14602453793857
70.44793843511526
68.89022470016091
67.77100908224617
66.24073118777719
64.66161505446131
63.088634939464356
61.21043265367844
60.29982965492081
58.97336403494764
57.962016059200764
56.62578958271503
55.23810118309822
53.69256547482075
52.030533552353305
51.327408030668174
50.31886052184194
49.23356111151877
48.193778946828324
47.16474933299179
46.30392470092265
45.328168160280576
44.52094710043377
43.70364238997573
42.892392147250376
42.31545227741425
41.66626399168812
41.05680274299843
40.419869036562005
39.55648354538442
38.643017113739305
38.36224949807341
38.00479053326106
37.591357463125036
37.08733780370231
36.54696750870669
36.13584350278977
35.67256452738903
35.33571982319977
34.910918461036225
34.607688774275424
34.337255585360026
33.969852115441356
33.69689757285484
33.395704126906026
33.06246402089657
32.85064895860942
32.62707784792654
32.37822587720638
32.202796125683875
32.00140933842255
31.784098076054022
31.56828417292354
31.2962545374279
31.053210644931625
30.801896625109993
30.512406523084245
30.433671043668973
30.307741130519474
30.129495663430514
29.90716917062583
29.63809372024819
29.395593908468285
29.146205838030955
29.02108544495482
28.870552353291174
28.69315323314958
28.52409190371486
28.322964616964555
28.11784285822545
27.9317935557398
27.740502492053103
27.521864977942002
27.317604757653747
27.080385321249384
26.772444318929796
26.498624447078946
26.23683708921468
26.113521403317378
25.92689550347034
25.714478401401433
25.6277125740587
25.487215223034525
25.258598505382537
24.8788092411538
24.616120869034326
24.500694341703472
24.339735344415445
24.16878478706037
23.90666920926325
23.522252803855636
23.42329458346508
23.31084136747941
23.168837951711133
23.060025550382033
22.972227473965912
22.908480426890595
22.846598420262723
22.781630733256343
22.718764739584614
22.64121901172542
22.580647619669126
22.508700772922634
22.4317104836991
22.357603547630752
22.29270866214761
22.21288584214359
22.10399437667633
21.93585002430759
21.839921176515766
21.796391476302993
21.736833531319828
21.661759138119688
21.587294065254213
21.516459720202796
21.42066334428027
21.29872011093415
21.201880981151543
21.082560194997825
20.97226958035874
20.908982878101554
20.867996677300454
20.807082757493255
20.7278191380294
20.644880231315575
20.532934953046343
20.400003011963257
20.306936113684714
20.192934729741467
20.133910863104703
20.043097767221756
19.90132903970878
19.683535921859086
19.592697102428076
19.47997544405412
19.393594282888763
19.276678654466608
19.106032253116737
19.029600862995323
18.914465066646915
18.812148055338803
18.767090249046156
18.710515105899898
18.637547793775465
18.556346277359697
18.494077929647972
18.41719964476205
18.327230756498825
18.273925757963408
18.22063765776079
18.155505162855142
18.075180767551316
17.993835965868225
17.909722819979272
17.831674426100506
17.72506587779709
17.597846052640676
17.515498312149724
17.41707133066015
17.318508255384646
17.244054841929227
17.146468361718647
17.051492540993255
16.949837807382846
16.806969165136543
16.664650798578023
16.505022474534613
16.37399004011389
16.347998338243
16.300421748775584
16.22181417874736
16.093963219433395
15.926151119910404
15.791030412422078
15.665007119777208
15.655857986115294
15.58009357076544
15.465750949101068
15.332398993573918
15.205667010527046
15.103806491305308
15.04331380727226
14.970750203465197
14.900585715511674
14.848554257456193
14.777522292524232
14.731513523290477
14.716035802143544
14.687966542689239
14.641895457990557
14.569123103847925
14.465782440492482
14.413919907896712
14.373394585394706
14.33294674912687
14.304619751856212
14.269880982054028
14.21942968309237
14.183139931458475
14.138817302687503
14.084910433212054
14.061223443839747
14.040491593844564
14.010033014964371
13.993867701930284
13.9681734860599
13.937442416295424
13.91998716150616
13.890999829655946
13.858618078541088
13.823171759174095
13.801053551890973
13.771030737227868
13.741535283276018
13.724223129918176
13.70435216066929
13.68188552957248
13.666370434041404
13.65148918816341
13.633427013711371
13.620680628217656
13.609316872617239
13.598607020997637
13.585694380201694
13.575964124597373
13.565925866684683
13.555248411746138
13.545658676070424
13.533719344969715
13.524903234284483
13.51389808459254
13.503592134920469
13.494803571223283
13.482861769726952
13.472327796849827
13.461107181841754
13.454891616139045
13.446732038321063
13.434400555179828
13.421578450113444
13.409716656985935
13.395992615717585
13.390155280737678
13.381689089460153
13.371669409915015
13.367099818386603
13.359784282162671
13.349998559913937
13.340317170453627
13.328744062824725
13.315328583858046
13.308131250105161
13.298156300075217
13.288891176983304
13.27934526410394
13.2679931687526
13.263268808597946
13.25543618632009
13.246108420617375
13.2330141744787
13.214458340234787
13.19517431567589
13.188703991846058
13.180010476792564
13.1678136942547
13.15364512071131
13.142018646068856
13.127082754987207
13.11804981483049
13.106594879250256
13.095067641448688
13.084583457398299
13.067959323854927
12.851077298847905
12.850212551797082
12.848575712134615
12.845741805148595
12.840892690146703
12.832032840148756
12.816622372635507
12.805131241247448
12.789526624920684
12.765893974907891
12.731459010145004
12.70306333625999
12.69256287993532
12.678143017262254
12.658560295559184
12.640813237368242
12.62891543866198
12.614557301400435
12.603077042451869
12.587888337726035
12.576943806532693
12.565596970639834
12.556061836291738
12.545459660546355
12.538814688868694
12.531837235401099
12.523478095750578
12.51524999061798
12.50957682370019
12.50125656868521
12.492943038583519
12.484203635174795
12.474621863985188
12.464996274443102
12.454649570426595
12.445441137631928
12.434736263071615
12.426030086145254
12.417041744391703
12.408226523198277
12.399076570022594
12.39171810637557
12.383379782287637
12.373137764815016
12.36040096393975
12.348468598576378
12.335719619761074
12.324317394116536
12.3121169477902
12.299678036990036
12.297532454720404
12.293625647019304
12.28692601909548
12.276605805373901
12.262974245169925
12.249373002073243
12.240965281055935
12.232171831464893
12.221034348550631
12.210619781859904
12.19791770333524
12.189083783386717
12.180649816189508
12.170514826392795
12.158604626522767
12.148011624196366
12.135931475029782
12.124465703922372
12.11094398199439
12.098821811336185
12.094302715132361
12.088292348799476
12.07927198662713
12.0676626571951
12.054902517077341
12.049514801343832
12.043049062071493
12.031860369856426
11.879385547476028
11.87700649889237
11.872993306998936
11.867434697941652
11.857537580301312
11.840491187955514
11.815764300879902
11.7840430589617
11.74630518030963
11.709424242781758
11.702545783326947
11.691037921974367
11.67572521684409
11.654550194190733
11.631870113340115
11.62471792723797
11.615080791901596
11.605960588992659
11.596024028732444
11.586602977338114
11.575110014508425
11.5674493245153
11.557970751685975
11.547283917164023
11.53585087562578
11.527265452645988
11.517311439801846
11.50837058531139
11.496066706634812
11.487706053211006
11.477138950284871
11.468442234651638
11.457467460799252
11.447404767182997
11.438545273855615
11.434337207299048
11.430313072210094
11.423911352297424
11.413904089376445
11.045161384636089
11.044598486255698
11.040081494397283
11.033001070887952
11.02376802422673
11.013264127196608
11.003105845834568
10.989838320668685
10.980129418821065
10.96976961435398
10.957830428775
10.945183176959251
10.93653045838816
10.92885209453711
10.920312255606973
10.91073532247703
10.904183720322017
10.894950337649593
10.88666862973142
10.88029435425468
10.874697569091044
10.86789208755247
10.859077751685923
10.849429240850732
10.837230080030812
10.82405991793744
10.81728797142101
10.80803888740591
10.79567259826727
10.782199691240699
10.771938356163886
10.763259645333218
10.753206915995474
10.741613570554552
10.728540159017733
10.718837887665757
10.70639681699834
10.697994464916478
10.68757962347565
10.676553644705072
10.67008445951757
10.66198242437148
10.653181301190799
10.646405396404905
10.638834141126534
10.630349390584657
10.623751791859098
10.617555943058154
10.61084082503984
10.602573353847275
10.594093077450955
10.585660052390686
10.58305153222539
10.57906752012428
10.573068858133599
10.565932841597292
10.55943816324459
10.554440141504092
10.54759530701261
10.5403070682489
10.53037951766531
10.520310584392892
10.512820381641662
10.505547488316397
10.49623693840778
10.487368434246367
10.4802337105802
10.47322717700618
10.465523118967852
10.456896497576396
10.446987595158824
10.437248325813059
10.430850422104976
10.422232546634103
10.415384987414143
10.411654637466578
10.405518410034684
10.397021941885102
10.388375077897514
10.380023289693497
10.372124971452362
10.365807819554927
10.357434322947535
10.350914549850676
10.342738414214379
10.335593928769121
10.329714146082807
10.324646868992794
10.318286854015934
10.310846151952154
10.3020886490415
10.298308347689614
10.293547527322598
10.286882546757482
10.281074962470658
10.273805837782266
10.267717005529
10.26026994902828
10.252222874269467
10.243693466732452
10.232296106786247
10.217978869955251
10.19569601003093
10.14970776894063
10.147590067955395
10.144109956397585
10.137757040772891
10.127056024306068
10.109801053314822
10.086814348218633
10.059747461033636
10.039204556021174
10.01771269569021
10.006498970965998
9.996161299764868
9.983024819397777
9.974657645911591
9.967072693758375
9.95990151714683
9.954162579803535
9.947342040724951
9.942082428776231
9.93617598636901
9.929037381097096
9.922946161166314
9.91578907633495
9.90814777020018
9.901754284511782
9.895269216398615
9.887507612881556
9.879190625297367
9.87108659996997
9.864872034212677
9.85828993535458
9.853867116596362
9.84821611427634
9.841476057035734
9.835864840104598
9.829432844902097
9.823171897662132
9.816487357396234
9.810334681279118
9.804128016468097
9.8009820102495
9.796758380183817
9.791730808089708
9.787240952033393
9.782898711047128
9.778529875019458
9.776014868060107
9.772259826154706
9.767009935894682
9.761379673436206
9.755392603187259
9.751738004451916
9.747396244740319
9.742879508418643
9.7377155243416
9.73287060478649
9.729942807071232
9.72599081123359
9.72172251897206
9.717190150145388
9.712458568174243
9.707690060381466
9.702909608515167
9.698306743182329
9.692428255521804
9.687043410510967
9.682646171009239
9.678144478303594
9.673781462664984
9.669116272558787
9.667595647798436
9.66519518115937
9.661565814922323
9.657417057283421
9.65405389747514
9.651386485443389
9.647598158964207
9.6429889137268
9.639796026999838
9.636558368101753
9.632255891361797
9.627583476801934
9.622384708555781
9.619087973831359
9.61528548074583
9.610868057015756
9.605999395239145
9.60179042414424
9.598195815731444
9.59558358745506
9.592669664404404
9.58992485541775
9.58776935659818
9.58482013561142
9.581592464891301
9.57835713660543
9.57525902478812
9.572132590369943
9.568334704013562
9.564327638025365
9.560541964587241
9.555683407842583
9.550978246192647
9.54580665752385
9.542871822904223
9.539081356965289
9.535195643631557
9.532362951366473
9.528814895635147
9.525190531100247
9.52268035780801
9.519542790047844
9.516226986117285
9.51348930570655
9.511762852491671
9.508985462045935
9.504950323112524
9.499788294135666
9.494096843246922
9.490994097139055
9.489191045113927
9.486435759270462
9.482667388201833
9.47866503890657
9.473637553419186
9.469804583956353
9.466176228347774
9.462783321845947
9.460337286886958
9.457188904877857
9.452948608128242
9.448491248460773
9.445208890626528
9.442715169166881
9.439783397805336
9.436407193176459
9.433183925619574
9.43027580880037
9.427067724119215
9.423474597470827
9.420143383033063
9.416830871726937
9.413424924382285
9.40927186195201
9.405878368052505
9.40192482660144
9.398536925265418
9.395151926495224
9.391445510915867
9.387377918097936
9.383666983048927
9.379715373712438
9.375824368102013
9.37190813571624
9.36845480523599
9.36472428604419
9.359986752260792
9.356026377563133
9.352974242030175
9.34907921125572
9.345194394949221
9.341735744023083
9.338249006730011
9.334326695930976
9.331423459383895
9.327759206354456
9.324069828652183
9.320358255843722
9.317750427638456
9.314313071978853
9.310641413995844
9.30766056684661
9.303997916524287
9.300121564556447
9.295546198820627
9.241450456983369
9.240745000991524
9.235098398481913
9.225795520169005
9.213195842001829
9.202308371210773
9.194131674733473
9.186026558197597
9.182384304010089
9.178674999775318
9.175080219529649
9.171829225949317
9.16894277127386
9.167215102898249
9.165220946122904
9.162977529579749
9.160562004850952
9.15828161396739
9.155595634398754
9.152837919780778
9.150321970180457
9.148497450314808
9.146238043722779
9.14387167166329
9.141918482110118
9.139683640880172
9.137055770541977
9.13455861328511
9.131471630874046
9.128772259453104
9.125766138916388
9.122753028914644
9.119486278109171
9.115783889593505
9.113020033507805
9.110025660401213
9.10893004226034
9.107119437307361
9.104507313029949
9.101221003375311
9.098254800091556
9.096942740493711
9.095032945257913
9.09226191716995
9.089465046739107
9.087999830977767
9.086113449293554
9.083582575089169
9.07990042659491
9.078236422116909
9.076133617484448
9.07438105132537
9.072768204361083
9.070753100989554
9.068938011293504
9.067438898275014
9.065565248436243
9.063264533100817
9.06070858762349
9.058269300879807
9.056870507337742
9.054988162481203
9.052721570601934
9.05097865901812
9.048652913849534
9.045353012760888
9.044264177284486
9.043034885349815
9.041025534910894
9.038011524506102
9.034717572024146
9.031869553906732
9.030788333306916
9.029607159302529
9.027712222262938
9.024892076417249
9.02134265809613
9.019529424140906
9.01754411277571
9.014933638668722
9.012027524376165
9.009587209493777
9.007250247889536
9.004887408869857
9.003023487258467
9.001004180601718
8.999448297096734
8.997432263733911
8.994602122556547
8.992893037000908
8.991406255484565
8.989835016359729
8.988088745526337
8.986201382345541
8.98410903917049
8.981453594728002
8.977796296721733
8.97627972083593
8.9739667622517
8.9711162909582
8.970245524456194
8.968970090001061
8.967087800948876
8.964880051526434
8.963080909843091
8.961198824033598
8.957902816322548
8.957571890190605
8.956970540559748
8.955860261014053
8.953939195078881
8.951157712838974
8.948123395355449
8.945566410588718
8.944675380898827
8.94309968592552
8.940678232283156
8.937359444554248
8.934848220943069
8.93257139255224
8.931206363822561
8.929606644716568
8.928353572608493
8.926865127484398
8.925004737307091
8.922838999973994
8.920230980395964
8.917475149437607
8.914829956042912
8.911587351168226
8.907848619812281
8.904723727730397
8.902001535312287
8.899315622231805
8.896757580388611
8.894105127628258
8.89147662703769
8.890274198349365
8.888590480401303
8.886352510970347
8.884191450002808
8.881859062171184
8.880027703145224
8.877778536840209
8.875623828944656
8.873418713372788
8.871593613934568
8.870317000584059
8.868979279317601
8.86736664957443
8.866171906650639
8.864670161256946
8.863171600928853
8.86218562814862
8.86095968323679
8.859505249193475
8.858261373648652
8.856918509078824
8.855512975389546
8.85386717584964
8.852199961587733
8.850539087511333
8.849242477265715
8.8475524113888
8.845350437159441
8.842422497256822
8.840278050604322
8.839005259767594
8.83737523262526
8.835826037484388
8.83467730522647
8.833449092963017
8.831970337626597
8.830454907696316
8.828994045335214
8.827572153334625
8.8260894677106
8.824969124296151
8.823743918339952
8.822742364447269
8.821713055648889
8.820630082567238
8.81965436336511
8.818737567957003
8.81766650399518
8.816817091107803
8.81602481513475
8.81529631988386
8.814472758656267
8.813631475946039
8.81288658988986
8.811965059557743
8.810709901068144
8.809939502793787
8.80936076091783
8.80845037099933
8.807516093199016
8.806569259321329
8.80571329644854
8.805024682892052
8.804246290256064
8.803176915710166
8.801914650758928
8.8010134013164
8.800369987056662
8.799526338561451
8.798780996099985
8.797935808916883
8.797143334240527
8.796269282300276
8.79536935296223
8.794541390731325
8.793855554648653
8.792985222083786
8.791936882430953
8.790746543361799
8.789355264344875
8.788018698614824
8.786781988148192
8.785280802452963
8.784622459805025
8.783635132699438
8.782296771626378
8.781395331299567
8.780529870075467
8.779685255738288
8.778759161184501
8.77783249383712
8.777020471604569
8.776072670615413
8.775132536486861
8.77414452525694
8.773081479744492
8.77198992549457
8.770976838351164
8.770167440643757
8.769358398400254
8.768618610236345
8.767843564792862
8.767047786482749
8.766422425371701
8.765661826491451
8.764716250357043
8.76395732240321
8.763103838255507
8.762228888231606
8.761176280118182
8.76012718694324
8.759462147848051
8.7584851755562
8.757276996356284
8.755907702993115
8.755027006971918
8.753802203007071
8.752146942851915
8.75025304093466
8.748094340622238
8.746157780432018
8.744442997763798
8.743298988904595
8.741816674203527
8.740262647643652
8.739551737311599
8.738605320302641
8.737285470426102
8.735798947395676
8.734711693319515
8.733606197673863
8.732433249290619
8.731639117228298
8.730553851389324
8.730238725143591
8.729695237334706
8.728807622251695
8.727646512047874
8.726584832913387
8.725356274669265
8.72446138813661
8.723451148764445
8.722171190739424
8.720531267406638
8.718960502388931
8.717846463482017
8.716456686638686
8.714911662254561
8.71393356043458
8.712780964701748
8.711690296631446
8.710842647509526
8.709957940229168
8.709001305322968
8.708223703153608
8.70740690889196
8.706556268345894
8.705818904219035
8.705030418337355
8.704148714680596
8.703205181498568
8.702332512993202
8.701887636265582
8.701206294815929
8.70028114352985
8.699666355148178
8.69904812573544
8.698440518669535
8.698156897036341
8.697756005437242
8.69716117563117
8.696450294437138
8.695959544118452
8.695445899160937
8.694907393198461
8.694306551147276
8.693678327943804
8.69299391217472
8.692468160009906
8.691844175401922
8.69118204534359
8.69042737106479
8.689578150608149
8.68891833778698
8.688410084447662
8.687801988254453
8.686999371725452
8.68600509904558
8.685073538752413
8.684518760662153
8.683902546789456
8.683319671257998
8.683061787519287
8.682695869455351
8.682239195364602
8.681780887431545
8.681506780290288
8.681174695806977
8.680739359762537
8.68033947068876
8.679995027939812
8.679593948910213
8.679118509285404
8.678709392710608
8.678226344330367
8.677740992933419
8.677481326877853
8.6771317151785
8.67677424078509
8.676422313018527
8.67614917033054
8.67579323907701
8.675353161227838
8.674904433899247
8.674722969438527
8.674445030720573
8.674068163248593
8.673588841767506
8.673196370164723
8.673033118522127
8.672753684857208
8.672293442859804
8.671614935006696
8.67109758413196
8.670670492994159
8.670049329962591
8.669307120942676
8.668110564253489
8.661808630335251
8.661551525689708
8.661079390969523
8.660238621592278
8.658753024754345
8.656473245236224
8.654220281060333
8.65247285480101
8.65095544563432
8.650616634189186
8.65003719957008
8.649121202387402
8.64792876695455
8.64730305025119
8.646543234592524
8.645752141744694
8.645322575636673
8.644715043391017
8.643999196457916
8.643201928390951
8.642595926035579
8.642105411996324
8.641579190483565
8.640860108133229
8.64013908456023
8.639348914377251
8.638578925885518
8.637879770593646
8.637179599196806
8.636359984291117
8.635761329484081
8.635117857788595
8.634604592752542
8.634033655393463
8.633477599170057
8.632985564028052
8.632443261919406
8.631908790601013
8.631387324424079
8.630843620757565
8.630345113337484
8.629873208439333
8.629342348974221
8.628777846352643
8.628370807516173
8.62780553450062
8.627071365587678
8.626357182436712
8.625829757041561
8.625346323415563
8.624785687925161
8.62425404480717
8.623671556627317
8.623146236107878
8.62275921358554
8.622561451588957
8.62230715796402
8.6219696505284
8.621674742134584
8.621408226451768
8.621117162354043
8.620809760557798
8.62048175098791
8.620190320211792
8.61992501639733
8.619681985933646
8.619394088174825
8.61905115849836
8.618701862926025
8.618443840548316
8.618230838971934
8.617994583147473
8.6177613017138
8.617535669369417
8.617269675246007
8.617023298676191
8.616814363188679
8.61658564467443
8.616330237539675
8.616049036614948
8.615804350346341
8.615562436812766
8.615369027263993
8.615164814310898
8.61497567278848
8.614787422139042
8.61461674420146
8.614400940497422
8.614188149307818
8.61397296099387
8.613755249087143
8.613503188103843
8.613228376270323
8.613040551099568
8.612855555734424
8.612640884370915
8.612415233513776
8.612184369899701
8.611930146974048
8.611683050831806
8.611373594670344
8.610923803660848
8.610017767898217
8.609916324621992
8.609727946779683
8.609390446762516
8.608841522356652
8.608167127232239
8.607707708164686
8.607176628868238
8.606485974868907
8.605730477008764
8.605084030126319
8.604564440457747
8.604164357255776
8.603822935661528
8.603486493771353
8.60327789639644
8.602997007922163
8.602717582177007
8.602522091024346
8.602323869572153
8.60211500948663
8.601877131368468
8.60164080633177
8.601395204170249
8.6011557971975
8.60091116071659
8.600609905850243
8.600274660638298
8.59988416374571
8.599573783599839
8.599209846178514
8.598848227668576
8.59852020437753
8.59806493029917
8.597767150548677
8.597222739366224
8.596165803347056
8.59459058346523
8.59407436004638
8.593346856387127
8.592810721067607
8.59197955776109
8.590763802598328
8.589786773160178
8.58954234926027
8.589147802099895
8.588616349463798
8.588219891709818
8.587893828741642
8.587600215321695
8.587288899909694
8.586918446237409
8.5864797277174
8.585931295745942
8.58514022865199
8.584097274255278
8.583602596895972
8.582747058333954
8.58143510461617
8.57986816231002
8.579541149872735
8.579002783711811
8.57827763699377
8.577820137293264
8.57733743901517
8.57683891384261
8.576345326067484
8.575668203938918
8.574770151706431
8.57371211281871
8.573088150201093
8.572197480956897
8.570967225325491
8.570019554147555
8.569388339051194
8.56879873770939
8.568248807971672
8.567740320063724
8.567257414258563
8.56684402943673
8.566453516295876
8.566110310967675
8.56571799838676
8.565345052782995
8.564992281924443
8.564720568852024
8.564394036960747
8.56405184772876
8.563748568799317
8.56342397632868
8.563097649863138
8.562746763647874
8.562370180144363
8.561954139051611
8.561379348220497
8.560553488344922
8.559857134960977
8.559191016867171
8.558313472822924
8.55759681477747
8.556965575892004
8.556388977145406
8.556036813268776
8.55563036820598
8.555289346135762
8.555062707096296
8.554794774304291
8.554521344239333
8.554279587233346
8.554028315516167
8.553789265742633
8.553590590801178
8.553348139910543
8.552971030710479
8.552375042277431
8.552158649842674
8.551853288199444
8.551487323993193
8.55127696030441
8.551010293838647
8.550791111278343
8.550598283725904
8.55040096770917
8.55019827916984
8.54999402589765
8.549805689311766
8.549576947006932
8.549306522951383
8.54907702896778
8.548824474767185
8.548562982017078
8.54823848379986
8.547957407565814
8.547689612421468
8.547435546810522
8.547243358335606
8.547062927021344
8.54683894582255
8.546653731574406
8.546441491603229
8.54623976398229
8.546079340614167
8.545895358666703
8.545688093379251
8.545522268166776
8.54536640936433
8.545184152916995
8.544983540592906
8.544809067551942
8.544604141435613
8.54439197720497
8.544194431749638
8.544019612655205
8.543839379684337
8.543688932047608
8.543525018432229
8.54335326934496
8.543177934798512
8.542965882983616
8.542699148413202
8.542493034101057
8.542259809611613
8.542051053229164
8.541936467076123
8.541794712147025
8.541683666353656
8.541565072500077
8.541444045503251
8.5412982660181
8.541150714613279
8.54101515267865
8.540877010274972
8.540729766525093
8.540585521425545
8.540449431722202
8.540318441666331
8.540164961243516
8.540002809772352
8.539855567774932
8.539696927456921
8.539540181435852
8.53939165439125
8.53922197639136
8.539030368450593
8.538816933822
8.538591974003783
8.538336945199875
8.538008386462396
8.537454742872345
8.535320311013336
8.535159475815021
8.534867816440812
8.534335485290592
8.533431164835498
8.532033730132708
8.530266272214597
8.529882564612521
8.529250280144762
8.52835606943289
8.527648085465497
8.527263986196708
8.526911464314114
8.526637356270419
8.526371800955378
8.526090548195777
8.52585184401501
8.52565139418845
8.52548513704709
8.52531833611722
8.525143146441508
8.525002418798746
8.524845224706352
8.524711653558715
8.524567886226471
8.524428678438774
8.52426864698861
8.524120059357713
8.523980317420625
8.52380982064245
8.5236145407237
8.52340303200447
8.523167598681729
8.522934705615832
8.522658030841772
8.522366901704373
8.522074673577084
8.52169629355617
8.52116206592687
8.520186602843625
8.518390920778748
8.518016571753954
8.51738336248124
8.51640115152609
8.514959609974772
8.513289887241115
8.512193678885431
8.511481130210166
8.511111837080175
8.510653745143735
8.510365066518165
8.51006737707177
8.509828217526987
8.50960271299353
8.509400680688437
8.509217705720424
8.509052641537071
8.508909358155957
8.508743493541461
8.508586254604044
8.508427596167563
8.508254711197445
8.508066617040116
8.507836622879463
8.507565457667146
8.507296570916974
8.506984183360993
8.506590047745272
8.506085392141975
8.505507181865717
8.505023640793755
8.50438038762802
8.503830881728216
8.50350425665809
8.503103107746224
8.502770273191917
8.502443890310577
8.502145322318817
8.501878723079948
8.501657617056395
8.501449026773088
8.501312303143715
8.501173528262978
8.50100682949732
8.500847060350026
8.500704230486036
8.500556291441296
8.500403250641998
8.500263646107257
8.500117406894597
8.500006806721771
8.499890276325491
8.499786289230668
8.499679994100124
8.499572951698097
8.49946168833618
8.499344274958265
8.499225781041133
