820.3578882192894
643.4896202761211
291.7202055811063
271.2174712017721
241.46131926364095
231.49895820500674
223.31266536722327
219.55258196558424
215.52274056688154
212.3377444812772
209.99756748616372
207.2573588060741
202.98141413965328
196.99219232199442
190.9364169740431
189.07620069673447
186.35262412747164
182.16849553166668
177.49759657733375
174.26188429066323
170.33653363298723
167.6997941552337
164.75354898261327
161.63346928953325
161.04807489864015
160.0671676219818
158.39256913760613
155.88992998406195
154.38518552334313
152.26177664171684
150.47024196970904
148.0332802209851
146.95533362500717
145.3329445251233
143.7047078524889
141.459854114775
139.5698887603679
137.10928031020273
136.005006565113
135.38231738264392
134.36910485615005
132.90133228395433
131.09300209452186
129.29889123256103
127.65557340725984
125.651367445326
123.78551788067654
123.27421965690206
122.37603184149125
120.9850243406286
119.32182187063604
116.6959442254774
115.02774377812301
113.06386007549966
111.32795460749814
109.76176315207915
107.71325483122541
105.55636156717765
104.23404993742699
102.62634072934158
101.00553112730262
99.65264200648473
98.54466634538656
96.82866743147154
94.59592676250423
93.19175279741222
91.21666837698913
89.45586016065585
87.50622754548854
85.70144463867453
83.86483367990476
81.96546664473198
80.25394400432751
78.53894874538383
77.02334743392196
75.24327840996929
73.75374410110608
72.29231610897493
70.62497362411591
68.76196151590236
66.78095769428364
65.31683328835784
63.85219247531419
62.418551968500736
60.870173749245055
59.38011087237421
57.822219113154816
56.65948075539222
55.47158527702902
54.143525530588214
52.828894010365374
51.32131137041402
50.35219940174659
49.238736305659955
48.170385839746594
47.34580121169957
46.45155262900455
45.420855107766485
44.42243181959322
43.674336619229635
42.85216399193778
42.12672094775334
41.30548403027364
40.34898748017125
40.06519570267372
39.60213372847167
38.955549945464426
38.17753332590359
37.38451108518272
36.552599665971414
35.86004009231626
35.223251637443326
34.69705966080053
34.06771641668222
33.605462638319096
33.031203206931444
32.378286041629096
31.721075845832736
31.230359105587315
30.783347803150093
30.219921862073782
29.820938072353997
29.44905852737054
29.116223383704057
28.75685620337442
28.328928750951313
27.955007780449453
27.5996786209463
27.19674837194174
26.749560802730734
26.57953061619311
26.331995346955466
26.138627252104783
25.94843341593706
25.7844453619992
25.57586525350753
25.32655947770472
25.13146443233478
25.00076990182708
24.824381942255773
24.656626760996954
24.487213984204992
24.361812622136554
24.211689238160346
24.02303584378089
23.785731306150407
23.693656805143213
23.5597380874269
23.396394375340044
23.2661416013682
23.087666110364694
22.974526345998825
22.839983693909897
22.684834798416546
22.55328982262231
22.433903194792777
22.318897557084547
22.22343885896171
22.08909297022381
22.02002157994417
21.94012450092366
21.844068934431274
21.810523155593557
21.75973907653843
21.688888330413363
21.610649890492176
21.528519130324504
21.46105601356838
21.375746638105504
21.339079376142827
21.28993476212012
21.24939412984294
21.198600870759208
21.149822889739138
21.10586673954993
21.064312787475345
21.017934815715968
20.968482381857203
20.926307606005427
20.899267029479432
20.863943555982413
20.828611189440295
20.805696230123587
20.774504094689817
20.738657574628395
20.71106624885482
20.676423598384133
20.638575330193333
20.60811479897914
20.59053013671223
20.56687593897575
20.540786810666145
20.51116503642008
20.47667727418061
20.439431281649927
20.398041052993364
20.34910937369788
20.307478714608486
20.27943989254129
20.24043414719911
20.199149383177726
20.147683917257638
20.08212333418087
20.04599977726841
19.99550594386234
19.945432485855157
19.8966145304747
19.84171075137388
19.787525050129084
19.735440633668198
19.6716073074939
19.615266113735352
19.552037180950748
19.47623358877292
19.397380341968436
19.32053820877232
19.245004505575928
19.182685928633376
19.114015915687528
19.05323556189753
18.97592347245795
18.88034282133336
18.77354342423271
18.700735733520286
18.618249342229845
18.55707809587677
18.492379988093546
18.409882746104824
18.322168964902126
18.23245959366431
18.152685920705153
18.075259492032426
18.002166485966388
17.93261310086372
17.87388218854111
17.811375750251436
17.732836977583098
17.641922827441373
17.57957645772091
17.512012276109424
17.45028288116379
17.40039517439103
17.356337273072803
17.304960626933887
17.238076730303945
17.171910464011155
17.098832345839092
17.020683359213876
16.96456297405947
16.89760299013689
16.83276971289361
16.772567739156315
16.706646386544254
16.645577212362333
16.58531656536523
16.50518298205426
16.42393982316687
16.372956519488124
16.32136119528915
16.29470673993478
16.26029296246026
16.216220606770612
16.167059707612545
16.11203505466918
16.056815880909795
16.004958931552913
15.97171722521116
15.936229734647705
15.897671390665739
15.86059599785683
15.818415221899652
15.789300966541006
15.761517492531027
15.751295608509544
15.7367516077854
15.718645753014577
15.708741844676853
15.694394312049964
15.675522257920818
15.65899151771113
15.637295770509715
15.610550967068114
15.598854267397805
15.584618497513457
15.570393783289296
15.558063878171737
15.548217882129004
15.539426174813128
15.52775211537791
15.5173754935908
15.504823060085556
15.48964654091326
15.475146846580666
15.463693222486151
15.450105613559405
15.448266837855869
15.444921466471373
15.4391847320959
15.43082907333993
15.420974664868606
15.410518317188512
15.399795171960577
15.38593444903919
15.382580984062287
15.377012058386843
15.368985913875601
15.36115187622191
15.35463281247851
15.34738928526495
15.3397188856774
15.33227462728942
15.327500474086154
15.320838024774487
15.312762862116948
15.309250627613803
15.304259571798509
15.300091406451035
15.295625351360776
15.28972732824791
15.287688186037416
15.284414186685112
15.279527524849103
15.275425425573157
15.27175974857211
15.266633075350793
15.261662991962659
15.258658764013136
15.254410415953398
15.250959315445684
15.247082205115268
15.242414033141385
15.239932828670604
15.236334563784782
15.232149762114208
15.22836652355186
15.223279045104796
15.218467861233625
15.214651038219385
15.211717891951285
15.207747041702643
15.204256117875198
15.200782431241134
15.197953444429391
15.194346467597814
15.190661240998313
15.187470836825199
15.184801532385373
15.181429197700172
15.178279182162225
15.175656943650559
15.17280196196572
15.169860228671162
15.166235176875912
15.165036839834164
15.163119164473526
15.160231828493936
15.157017119888286
15.153576144491392
15.149748808566544
15.146390714296258
15.142209375713602
15.138817659050027
15.13456331857208
15.130673824446593
15.126898214524358
15.123415904637532
15.119974000968579
15.11643394531401
15.112803852354793
15.107508053300485
15.10255848130857
15.098015507824421
15.09226089546604
15.09098714148784
15.088747676292556
15.085317536758787
15.080182401749514
15.075049389995325
15.072496512269234
15.068738767003234
15.06531124515154
15.061012577613628
15.056676091364958
15.053074414078107
15.049036346812219
15.04521030031856
15.041215852369126
15.03743371202922
15.033816772740458
15.028813837808242
15.026264859127654
15.022999806166933
15.019101190715213
15.013667846210726
15.008383651922554
15.004049833046166
14.999753069540178
14.994814924842398
14.992115172880744
14.98862428541213
14.984672216931106
14.979722241158905
14.97503964796048
14.970431543162057
14.966478031465812
14.963085775515527
14.958195001940563
14.952763129175466
14.947916742324711
14.943300855812485
14.93790490924646
14.933755391368088
14.929374490903356
14.925511694465945
14.92196303633548
14.917055427664794
14.911445097218724
14.90771325442651
14.903301631979337
14.89823280098268
14.894397468960058
14.889630436052842
14.885073075914965
14.879434454014437
14.87239458504543
14.866733257162512
14.860998883730801
14.854392145636455
14.84821778798238
14.842361745591342
14.837005976754268
14.830427552821913
14.824470439487971
14.819174689489014
14.813067416715668
14.807158766218013
14.79994731853095
14.79442072582238
14.789241664058427
14.78307645307123
14.776708823463487
14.771288013326881
14.764759731063343
14.75980617631254
14.75459563430493
14.7475561669396
14.740868208304514
14.737430078042879
14.732485441019916
14.725689415390589
14.718519194100883
14.713401264760993
14.707803249569876
14.702177812179439
14.696345600720889
14.692328154953042
14.68656118271213
14.679705109213176
14.672162664719261
14.668248758248533
14.664165755138946
14.659117912340847
14.653028324449558
14.645333378709466
14.64041983880705
14.633815707176868
14.627690483403109
14.622275954343557
14.61664728429339
14.61152602042462
14.605376947844865
14.600376153472741
14.594561870366544
14.590201540729026
14.586645893352316
14.581566105131799
14.575850681226502
14.569514676470561
14.562950243932624
14.556722371965558
14.550952570486098
14.546180844793387
14.541876498295988
14.538196908696689
14.53332380109784
14.526604196867451
14.519814558770776
14.513622080629448
14.505741201160685
14.500135096677525
14.493555225568727
14.486077020829029
14.479114833785815
14.473472214184307
14.466230737604675
14.461186861929384
14.455398051087926
14.44873836089807
14.441235539778624
14.437660632424203
14.432855142756774
14.428763885380762
14.42260087131347
14.416154846150913
14.409279979368488
14.40352699467176
14.39704511263528
14.392136029928873
14.385794613597334
14.381781301186173
14.376258815305732
14.36990399346477
14.363719579374763
14.356048133999536
14.348393656298326
14.341898559829769
14.335801758944601
14.32969285440105
14.323603629672416
14.318886969609629
14.313698898696344
14.309885167783598
14.305190541826601
14.299385907832297
14.291908265352575
14.283959371541648
14.278829531518221
14.271838826650782
14.264944659456964
14.259196768868724
14.25193233757717
14.24652081680674
14.240638670804355
14.233087750610807
14.226194200962347
14.219446346285535
14.213383168085016
14.209151759831284
14.203597988828776
14.19741452356981
14.191323242983035
14.185491617340347
14.178003019775444
14.170870150461385
14.164614774450962
14.15996246273729
14.155137799663805
14.148755143212288
14.14235339760615
14.137509962489805
14.132612776579702
14.125895497954183
14.118704484823624
14.111784806115246
14.105662451282582
14.09827477052546
14.092197004089478
14.087056141657433
14.081343517655519
14.074667455303127
14.067645635195472
14.060487032384797
14.05414031039561
14.04586006469427
14.039398201600278
14.033509587303065
14.026560723545206
14.019469534199688
14.014372551243609
14.00771650895243
14.001165405443977
13.9927733936003
13.985297233330925
13.97733446059531
13.970947447137565
13.963791994151633
13.956136220228025
13.947144467970848
13.936846603706769
13.927593743311457
13.921178789321552
13.91363241257613
13.905369956864131
13.896952875574526
13.888241236462875
13.881266154463603
13.873290127929572
13.864084001018407
13.856360696874992
13.847042280021354
13.837222532661299
13.8275225229514
13.820968465496744
13.812720948962026
13.80343827768991
13.794696849522262
13.787411933783293
13.77897413931587
13.772008726603222
13.765087638179448
13.758141128865079
13.751087493152033
13.743310201971086
13.73414475840293
13.728643441464222
13.721204620745535
13.713939558530464
13.707266905923099
13.69937190469642
13.693989829386105
13.687545590249105
13.68096528453249
13.672667071939616
13.664892856093942
13.65566577880162
13.649977431319593
13.642261373103672
13.632295950068372
13.62239636332289
13.615449606792343
13.607263378957239
13.600936200877305
13.594136172993956
13.58617659263669
13.578983432795692
13.571739110041305
13.564402648079643
13.554708773215626
13.546317673387437
13.538156331402337
13.529483813529387
13.519511503728259
13.514993896268125
13.508499950124637
13.502321482205263
13.494587253762205
13.486985849899636
13.479692765244693
13.47539609231588
13.469634316387376
13.462747014776877
13.45741065023577
13.451768033403985
13.44481772717032
13.43782414459118
13.432959344960075
13.427790047686436
13.424101659042787
13.418261631673097
13.410737666908338
13.403260063709808
13.3945894826423
13.388153237061918
13.38047693388965
13.371851376363045
13.365031191143718
13.355773416896433
13.34802903228002
13.342136046886376
13.33424826358128
13.327548850790823
13.31883356754471
13.310924429103968
13.304514081687646
13.298726049775553
13.29207157653581
13.286991480698784
13.281208202830388
13.273917138195106
13.265858223101947
13.258029181501367
13.250768667591055
13.24167940248234
13.232212515266152
13.223461745504975
13.215458139933052
13.210256009512346
13.203354325093684
13.196937369925363
13.19095054395339
13.185231936926801
13.178963208546088
13.172978803127037
13.1669996015896
13.16069981069058
13.155588527044053
13.14992766507784
13.142395724817927
13.138071519231161
13.132293297162448
13.125802577471983
13.119609349455644
13.114002509540065
13.107669857841888
13.100665548503937
13.097075742913342
13.09222728881184
13.088913096350371
13.084285970825933
13.07874084966927
13.072246883277987
13.066426109958211
13.061454267772703
13.055552425796744
13.05070757025581
13.045665104065943
13.040248278274944
13.033877216418244
13.02824365708879
13.02330797964683
13.017562346863228
13.011877846045305
13.007826423981253
13.003276494324579
12.998063220030648
12.992959942073238
12.987689606404626
12.980857745308551
12.975723928340866
12.969876165119432
12.96494231368101
12.959370356677313
12.953634711897305
12.947902999844448
12.943529142739816
12.93924100723067
12.93437618357261
12.928689894290692
12.923255822288366
12.916385415549207
12.90959647274217
12.90424712572373
12.89820660191796
12.892623680745015
12.887082995503901
12.881806019407055
12.876164442122057
12.87053490794817
12.864523876367674
12.858879868984669
12.85431210281238
12.84832878172605
12.845639460698052
12.841600127812567
12.836039040490627
12.832215821080666
12.826769175305877
12.821198063343434
12.817120017342726
12.812350947807975
12.807267432596838
12.803828792226536
12.799743626883945
12.795139832199371
12.790575500643659
12.786246012057664
12.782166106313593
12.777709671378036
12.774313790343673
12.77068248714732
12.766740282861047
12.762877787696702
12.759185837388813
12.754152228937663
12.750071785504975
12.746026894805922
12.741633952635286
12.736419474253628
12.731359901630208
12.72644476404978
12.72172181229788
12.716089893031036
12.709971475869342
12.703589170126655
12.696249223362562
12.688039655109497
12.676134595104042
12.65870964595728
12.646438777149813
12.645578601290444
12.63876358358938
12.628156078812598
12.61420918979782
12.601243975137272
12.591966067153141
12.581554656417214
12.570703736087125
12.562336333995908
12.555519027255128
12.549112203938908
12.542883416842798
12.537529689944511
12.533749606875892
12.529306721268192
12.524079063493453
12.518696720406378
12.513910804926947
12.508109082079006
12.502195107946093
12.500005512786952
12.496627343020599
12.49172631406925
12.485492671000392
12.47854987377562
12.47324498787064
12.468292458520185
12.464352525126364
12.460046650067735
12.455034172085536
12.449526592154443
12.444250230840233
12.438138113961278
12.433916617383751
12.429219736861452
12.424871813097857
12.419678959998073
12.414971564647196
12.411391305127939
12.408168543355112
12.404189858911435
12.399413638157387
12.395575071048361
12.390479656426656
12.384151455888109
12.37932876403389
12.37484835881066
12.369869262622744
12.366614874418811
12.362300593592527
12.358096096295007
12.353735830781513
12.34910811052361
12.344197824022233
12.339562515627343
12.335356010114136
12.330764156140237
12.325506089549439
12.320143231800671
12.314052050487835
12.307789114359325
12.304232399828651
12.300057423525338
12.294560131062033
12.288571840139232
12.280877453798922
12.274053306345264
12.266094680718272
12.261189604895819
12.254707165847126
12.247341650789114
12.238245734867927
12.234846723130815
12.230694412353674
12.227132803296705
12.222293323323193
12.217052553200245
12.21037183580064
12.20511243451175
12.200634325211004
12.195084100554105
12.190153593363522
12.18435096881073
12.179088680009178
12.175037036968014
12.172270440272275
12.168278709885026
12.16327035074146
12.158364035712518
12.152777182818458
12.147892964939087
12.14590995069203
12.142826827716222
12.138686692462498
12.133518932122321
12.1299447603527
12.127957819584166
12.124587302876186
12.118797799734997
11.932659569607964
11.932289155682206
11.931597639576694
11.930272184548873
11.927745795696737
11.923220193946939
11.91576355464887
11.903432390349456
11.886829211120212
11.870527504249443
11.856379432266158
11.84335222006957
11.836922058819624
11.831117776773105
11.823599440374231
11.818724353301205
11.813336096471165
11.809713771812012
11.80595661176844
11.803809467220063
11.801215159415738
11.797902251328196
11.79571669443981
11.792583109719395
11.789871537039746
11.787045094328686
11.783117814560807
11.778819113121575
11.775889426361388
11.772352329589006
11.769255449055686
11.766216554152876
11.763040143993141
11.760357639833089
11.75760704275237
11.754744211250344
11.752199742989959
11.749793062772165
11.747174186343923
11.745119282854478
11.743497439961846
11.741601021698722
11.739181153694442
11.736769957372942
11.734876271985478
11.73257253622381
11.730303092908017
11.728151519058382
11.726072444483197
11.723969279288752
11.721624993050618
11.719069586041055
11.717005443147492
11.714825679715794
11.711729431384992
11.707357342721615
11.700417085314644
11.697884915260984
11.694849355113941
11.69084834958851
11.686976043229189
11.683354796370931
11.681440851962247
11.678829159868725
11.675567283118374
11.672677379979607
11.669807374222053
11.667668428911941
11.665169695971972
11.662786211991902
11.660705394045689
11.659062961517575
11.657012439305365
11.654696311160421
11.652582413678495
11.650428750362588
11.648042741509034
11.646017158723065
11.643610201337118
11.640894824143535
11.63832267675447
11.635853701338498
11.63271902828631
11.630276013538545
11.627647264784626
11.625029553039775
11.62174647713178
11.620519768878546
11.61849396975663
11.615049741970282
11.609186165921347
11.606548417007218
11.603790432686838
11.60008667152129
11.595067421280408
11.592170775322
11.589984383118093
11.587200727317086
11.583435590287667
11.579429323023216
11.576980482006668
11.57417944222209
11.571030823861538
11.568372096323884
11.565909334909655
11.563290410659846
11.559913099738218
11.556632428613096
11.553278038638183
11.549937177662546
11.546783108114182
11.543578001673353
11.541530433533357
11.538745502653537
11.536369154113597
11.533623899741253
11.531056340544865
11.528612550555595
11.526146540687574
11.5231991013693
11.521654786478575
11.519556333990522
11.51713563057465
11.51449390990952
11.511945686578652
11.509484656226407
11.506717478346705
11.50351940351266
11.499561086610079
11.49448787683747
11.487852451138215
11.484586051048044
11.481050128574516
11.476396165319429
11.47102638568194
11.466092358068563
11.462221210936146
11.457430831687528
11.45304960842996
11.448934441675274
11.445694375088173
11.442505670989348
11.43871814469497
11.434933979034067
11.432196007603423
11.42883476819393
11.425637101414843
11.422438748616077
11.419189841744702
11.415508971079529
11.412231031087778
11.408830233246945
11.404708471181102
11.401573603059294
11.398983344874729
11.395931054798805
11.391967132511247
11.38904865510426
11.386308541076845
11.382963097761998
11.378895585048031
11.373065962605127
11.368694072987228
11.365778820130771
11.362477587783712
11.360418326749706
11.358004571431875
11.355324143557084
11.352553693157326
11.350885062207027
11.34865446787672
11.346058722315231
11.342656153569159
11.33937465541779
11.335471392614325
11.332307466758033
11.327691893185794
11.321799573389672
11.315553699736313
11.3116994963
11.3084847375062
11.305374190740693
11.301827564796787
11.297522174840164
11.293244261141934
11.289174688329112
11.285220404327973
11.28313299335677
11.280106865646196
11.276784663311068
11.273011595986688
11.269825864468562
11.266121018952282
11.262623881863284
11.259018259006778
11.255927402526467
11.251746651357598
11.247840043931348
11.242967923394396
11.23807374040518
11.232530184544284
11.22595289629839
11.222028890383985
11.2172475907768
11.212625804820219
11.206386945070275
11.20022592314413
11.197361133545018
11.193628316793124
11.189655594119035
11.185861279443742
11.184048608425842
11.181408317184205
11.178115394685143
11.174700152016436
11.172561282379752
11.169971306012183
11.167108389631908
11.165074669727419
11.162778105026891
11.160388348193745
11.158047113345834
11.155899674843134
11.153282854325695
11.150233020369264
11.147128254554568
11.144879888660766
11.142495695690787
11.139515873480175
11.1377151605906
11.135636319638815
11.133910874500451
11.13218808694937
11.13059863492233
11.128982690696581
11.127569293182813
11.12607833514884
11.124869923591733
11.123113293891338
11.12091436472881
11.119640414396121
11.11813953051994
11.11658204165768
11.11495402954913
11.113045180219693
11.111006385241325
11.109097878924178
11.107937879566894
11.106082028947393
11.103187888652943
11.099396369810693
11.094794685612765
11.09018506407487
11.087662889396967
11.085984977266206
11.083599938883744
11.080582977580598
11.077859353810728
11.074649533901542
11.07140954530427
11.068313910969845
11.065555143369203
11.062501602030919
11.060634453123193
11.058332943768958
11.055431519649535
11.051867338375835
11.04851503988214
11.0453876279734
11.042419215091238
11.039201605510655
11.036526668636862
11.034057742853927
11.031913688408387
11.030065267963117
11.028049954787557
11.025896036487092
11.024281865404216
11.022682244176227
11.021029893864485
11.01961313383172
11.0180579279747
11.016259734761622
11.014532943867128
11.012898179615624
11.011034067335451
11.008980220226128
11.007485833804466
11.00585177661024
11.004047730865652
11.003023726278018
11.001721949469708
11.000188061023204
10.99886710602661
10.998086258111167
10.99709925515032
10.996006258757037
10.994858689087788
10.993779299990674
10.992669484503905
10.991780942449182
10.99083325648721
10.989673671831582
10.988606604586012
10.987401280253618
10.986410506684328
10.985246348429179
10.984320975054008
10.98325729910962
10.982008281027266
10.980833295696076
10.980028098310484
10.978938768994244
10.97792141916382
10.976559759811618
10.975119012031891
10.974713010112165
10.974034970323286
10.973035725031341
10.971765269909383
10.970244523366457
10.969198691939594
10.968462767516598
10.967596878645486
10.966607787194533
10.965354108850374
10.964060061387972
10.96283064482121
10.9616673923781
10.960374776200329
10.959184483036267
10.957610116455497
10.956215610032292
10.954630514162101
10.952943457141357
10.951130351007873
10.949260448243434
10.94710366298161
10.944290722202506
10.941168684991542
10.939031179911012
10.936694658914158
10.934325316849957
10.931662054652058
10.92959471456334
10.927089808261943
10.924941739251569
10.922591320584395
10.920238750495484
10.917167209592554
10.91267013014836
10.908912993045021
10.907336841230078
10.904754334833585
10.901062850359144
10.896883684533048
10.894191972684611
10.89141390603702
10.889344534223191
10.887689208384336
10.885976936424983
10.884210573888046
10.882107374437947
10.880388168151823
10.878906554488141
10.877569593949158
10.876200529780794
10.875460369437516
10.874646856535712
10.873950311730976
10.873146807961627
10.872240535708102
10.871412789767518
10.870465240250473
10.869799248752855
10.868998747371347
10.868021991700916
10.867074252989257
10.866122398695179
10.865232442504098
10.864509820350595
10.863654981730315
10.862799024879251
10.861812474491147
10.86081386382395
10.85953414954417
10.854337044489755
10.85348585064702
10.852406275060172
10.851261599353716
10.849812300587754
10.848711915691883
10.847367461881255
10.845529649822993
10.843670044245156
10.841870607275117
10.840265921255693
10.83921890092294
10.837962044269135
10.836754279044069
10.835782105424423
10.834760489517521
10.833630192815697
10.83246622042456
10.831131888695452
10.829572035092411
10.828076614361198
10.826964479785314
10.82567480573514
10.82426425247145
10.8232945523226
10.82206299897982
10.820970507586278
10.819924442372198
10.81881925490254
10.81766393622652
10.816962537370278
10.815977159803165
10.814709319137645
10.813630573197699
10.813072032032798
10.812344776315332
10.811460487750281
10.810310195083051
10.803918873994576
10.803451993099443
10.802897794340893
10.802207638716194
10.801018866234681
10.79918659818011
10.796624017019175
10.793395236191396
10.790786815369133
10.789350457903025
10.787419602538353
10.78561038851479
10.784268294172382
10.78314180005977
10.78225965888795
10.781417829833638
10.780326678919753
10.77959025088052
10.7785720848229
10.777287345112818
10.77610107820433
10.774975989461257
10.773871582543531
10.772983494752989
10.77175629979266
10.769448912464465
10.766851427217333
10.76576693362073
10.764343519731524
10.762935635330194
10.76129811929755
10.759684373725086
10.757899908216256
10.75616229491756
10.754541278346363
10.753268705523022
10.751879775327236
10.750275225404256
10.749565554905189
10.748491334006198
10.747009591326288
10.744909000139577
10.74208843969382
10.740999046119448
10.739473248211747
10.73745668622163
10.734744944140916
10.732383175027625
10.730375749808038
10.729039418351114
10.727397249084667
10.725702794044565
10.72492383756498
10.723798607113606
10.722524090985782
10.721411836402401
10.720491238801118
10.719823931658773
10.719040631348378
10.718150078945733
10.717224581614197
10.716507131189015
10.715627905031095
10.714558534575568
10.713191107468099
10.711366722023563
10.708224103986424
10.706336001094488
10.704634855837433
10.702970695239252
10.700480705382917
10.697054284356724
10.692566394227686
10.688161765173879
10.685840644638704
10.683103370996907
10.681631283578634
10.679646171808132
10.677798823312168
10.676516377039867
10.67546307649597
10.674106734473273
10.672965390488175
10.671890011802859
10.670818248781814
10.669975222986789
10.669014520615054
10.668163826409815
10.667409629290539
10.666642842149585
10.665824218348174
10.665155980416376
10.664352581210874
10.66357425114923
10.66263668505713
10.661771452374863
10.660970404511525
10.66022167746122
10.659310395936096
10.6583878787158
10.65764714952352
10.656955858145691
10.656324414374659
10.655683722676546
10.654921657063436
10.654009542238088
10.65290436780635
10.651655868043214
10.650550858396926
10.649220332699738
10.647920639845795
10.646503303868588
10.644932231207626
10.642258316635003
10.638499477312429
10.63217405171355
10.630651878212447
10.627955750770198
10.623736548039572
10.618438963918607
10.614474034966168
10.612930504382586
10.6109653265848
10.609541330074443
10.60820420665169
10.607379485578823
10.606413313330528
10.605446982217131
10.604292846889384
10.603465290954702
10.602608026072296
10.601822659066265
10.60114869046949
10.60058141450714
10.59995171459563
10.599229187588566
10.598399309960492
10.597442377814978
10.596560878099957
10.595432894936415
10.59168191619306
10.591118098544866
10.590263202735287
10.58884000335533
10.586858056565468
10.584562364283816
10.582577268268977
10.581576383279149
10.58023375158411
10.579011502376957
10.578076236920687
10.57749335390842
10.57697952458396
10.576441799986732
10.575966385633842
10.57562500653038
10.575203099469025
10.574712261455339
10.574189389433773
10.573671477310917
10.57336026836015
10.572973433264263
10.57251606968553
10.572163352061104
10.571819301305597
10.571435035204225
10.570984492947893
10.570536712569835
10.570134476962698
10.56964513312097
10.56918560674476
10.568666074920575
10.568177597258313
10.567465868128998
10.56304311428412
10.562697221020308
10.562159430748606
10.561224339623253
10.55961492141833
10.556896252671423
10.552202526529129
10.546598215163467
10.54461850280347
10.542494847593261
10.541051021916363
10.539194643434382
10.537948911007074
10.53687346865765
10.536241404764052
10.535530598303556
10.534993508143675
10.534271418926753
10.533426447167896
10.532269021467275
10.530484827506346
10.529253190049971
10.52803956554627
10.52648540560027
